20 411
0 5 2 9 4 20 24 28 32 18 10 44 12 52 56 75 16 68 54 38
5 0 3 2 3 4 25 6 28 16 36 10 55 24 52 56 75 32 51 36
4 4 0 1 8 15 4 10 18 7 24 45 40 55 24 39 42 75 64 85
12 10 1 0 2 8 12 8 15 30 21 8 36 50 11 24 65 56 45 64
4 12 2 3 0 5 10 12 8 10 30 14 8 18 50 55 24 52 70 45
25 12 12 6 5 0 1 8 15 8 25 30 14 32 9 40 33 60 65 28
30 20 16 9 8 3 0 5 10 15 20 15 24 35 8 18 20 55 60 26
7 30 15 4 3 2 1 0 1 6 6 12 5 30 14 24 27 10 22 24
24 35 12 15 12 12 6 4 0 1 2 9 16 15 24 14 24 9 30 55
18 40 28 6 10 4 12 4 1 0 4 10 12 20 10 30 28 16 45 10
40 45 24 28 6 15 8 6 2 3 0 1 6 9 8 20 30 21 16 9
55 10 45 16 35 24 10 20 15 2 4 0 3 2 6 20 20 30 14 32
12 44 30 45 32 7 18 25 16 9 2 2 0 3 10 6 12 20 12 21
13 48 55 30 45 32 35 12 5 4 3 4 2 0 5 4 9 12 25 30
42 39 36 33 10 27 16 35 24 10 20 15 2 3 0 4 2 12 8 10
45 14 65 60 44 10 45 40 14 30 5 12 9 6 5 0 1 8 9 4
16 45 14 65 12 11 40 9 8 14 12 25 16 6 2 4 0 2 4 3
68 64 75 42 65 36 44 30 9 16 21 6 5 4 9 10 3 0 4 6
72 17 16 45 70 52 12 33 20 45 40 28 18 15 8 15 4 3 0 2
57 18 51 16 60 14 65 36 22 40 27 8 21 12 15 20 9 4 3 0
0 10 20 30 8 20 24 7 32 63 20 55 108 26 28 15 16 85 108 152
8 0 2 18 18 8 45 18 21 24 27 60 55 24 117 140 75 48 68 54
18 1 0 10 18 12 12 25 42 63 24 9 40 55 24 104 98 135 80 153
24 18 8 0 7 12 9 20 40 6 49 80 9 10 66 120 39 140 45 48
20 15 14 10 0 3 20 6 16 40 6 21 72 54 90 88 48 52 84 120
40 16 21 12 9 0 5 8 3 8 45 36 21 72 36 50 55 60 117 84
18 40 40 6 4 10 0 10 14 9 12 25 42 28 80 9 80 77 72 91
63 18 45 4 27 4 5 0 5 4 9 40 10 48 28 56 63 70 33 72
64 21 60 40 16 6 14 10 0 7 4 15 20 20 42 63 8 36 90 88
90 8 7 60 20 20 12 6 5 0 9 8 15 20 50 30 56 24 81 60
80 63 16 28 60 35 16 15 4 1 0 10 2 27 20 15 12 63 48 90
55 70 81 48 63 36 5 8 24 16 6 0 9 14 18 40 40 12 49 56
48 99 10 45 80 63 24 40 40 27 14 5 0 8 20 27 16 30 54 7
91 120 77 70 54 80 70 12 40 16 15 2 7 0 7 10 9 8 50 6
84 65 84 99 50 27 64 35 48 15 32 27 2 5 0 2 20 21 8 30
30 112 13 36 99 30 18 56 35 60 25 16 27 8 4 0 5 4 6 36
96 120 126 117 12 33 50 81 40 42 60 20 28 27 14 3 0 5 20 18
68 80 150 56 13 120 77 60 63 32 35 24 10 12 30 16 10 0 10 10
144 153 48 45 42 104 72 55 70 36 16 28 30 10 8 12 14 6 0 2
57 18 17 160 15 56 13 96 99 100 72 48 35 12 50 12 6 8 7 0
