10 101
0 5 2 9 4 20 24 28 32 18
1 0 1 8 12 20 5 24 21 16
10 1 0 1 2 3 20 5 24 14
12 2 5 0 4 8 15 8 15 12
8 12 6 1 0 5 2 6 12 5
15 20 12 10 2 0 3 10 12 20
24 25 4 12 4 4 0 2 6 15
21 6 20 20 3 4 5 0 3 8
8 28 6 15 20 15 10 4 0 2
45 16 7 12 25 20 6 8 5 0
0 6 16 15 36 50 6 49 72 27
9 0 4 14 3 32 30 60 63 32
18 7 0 6 14 18 4 45 54 70
30 12 8 0 1 8 9 36 50 18
8 27 10 1 0 2 2 24 4 25
20 20 6 20 3 0 5 4 9 12
30 45 12 15 10 8 0 8 16 6
7 30 35 24 21 8 5 0 5 18
32 70 42 5 16 3 14 3 0 3
72 72 49 54 20 36 24 8 9 0
