100 10009
0 5 2 9 4 20 24 28 32 18 10 44 12 52 56 75 16 68 54 38 100 21 66 23 24 25 130 27 112 58 120 31 160 66 136 140 180 74 114 78 80 164 126 43 176 225 46 94 144 49 150 255 208 265 108 165 168 285 232 295 240 305 62 252 128 260 264 134 204 345 210 71 288 365 74 150 380 308 234 316 80 324 82 249 420 425 430 348 176 178 450 182 92 186 470 475 192 388 490 297
5 0 4 6 15 20 5 24 35 16 45 50 22 48 13 56 45 80 85 36 95 80 84 66 92 72 25 130 135 140 145 90 124 160 33 68 70 180 185 76 39 200 123 42 43 44 45 184 47 144 98 150 51 260 106 162 165 56 114 116 177 300 122 186 189 256 195 264 268 68 69 210 284 216 292 148 225 76 231 390 158 400 324 82 166 84 340 172 87 176 356 450 364 460 186 470 380 192 485 98
8 5 0 4 2 9 8 10 6 21 8 9 30 33 24 52 70 45 32 17 90 19 100 42 110 92 48 125 130 27 112 58 90 31 64 165 136 175 72 148 38 156 120 205 168 43 132 225 184 141 48 98 100 153 260 106 162 220 112 171 58 236 300 183 310 252 320 130 66 67 68 138 140 142 360 146 222 225 380 385 234 237 240 243 82 249 168 425 344 174 440 445 90 273 92 372 94 380 192 194
9 2 5 0 4 2 15 20 10 30 7 24 27 30 55 60 13 56 45 16 17 54 19 100 21 22 92 24 25 52 54 140 116 60 31 128 66 68 70 36 148 152 195 120 205 126 172 132 45 92 141 48 49 50 153 260 159 216 220 168 228 58 59 180 305 248 63 192 130 330 335 272 207 210 142 360 146 222 150 152 231 78 237 80 324 82 415 252 170 344 261 88 267 180 273 460 279 188 285 96
20 15 10 5 0 2 4 3 8 20 6 21 40 9 10 11 12 39 42 60 64 34 18 95 60 21 110 46 48 50 52 81 84 29 150 155 96 66 68 70 180 37 114 195 200 82 84 129 176 225 92 47 96 147 50 204 208 265 162 275 224 285 232 59 240 183 124 189 256 65 264 335 68 69 210 355 144 365 148 150 228 231 312 395 320 162 410 83 168 340 86 174 440 267 450 364 184 186 282 380
20 8 12 6 5 0 3 4 3 4 25 18 14 40 18 30 33 36 65 42 30 64 85 18 19 100 105 110 92 48 50 78 108 56 145 30 124 128 99 136 175 72 185 38 195 40 123 42 129 44 90 230 47 192 98 200 204 208 106 162 220 112 285 232 118 60 244 310 315 256 65 198 201 136 276 350 71 144 365 296 375 76 77 390 158 240 162 164 249 168 425 172 261 264 445 270 364 184 465 282
24 20 4 6 10 4 0 3 2 3 4 25 6 35 24 18 10 55 36 65 42 60 80 51 90 57 20 21 88 92 72 75 130 108 84 145 120 31 128 132 68 175 36 111 190 195 80 164 210 215 176 135 92 188 240 245 100 153 260 53 216 275 224 228 174 295 300 61 248 126 192 65 264 134 272 207 140 71 360 73 222 225 304 385 234 158 320 243 328 166 336 425 86 261 440 89 450 364 92 279
7 24 5 8 15 4 1 0 3 10 9 8 25 12 14 24 27 10 11 60 39 56 75 80 17 36 57 100 63 66 115 48 100 130 108 56 116 90 155 96 66 102 175 72 37 190 156 120 164 84 129 88 45 92 235 192 245 100 255 156 212 270 110 112 114 232 177 180 244 124 63 128 195 66 67 136 276 210 284 72 146 74 75 380 77 156 79 320 405 410 332 252 255 86 435 176 89 180 364 184
32 28 24 10 8 6 6 4 0 5 8 6 16 15 18 28 40 9 20 11 12 13 14 60 48 68 90 57 40 84 44 46 24 25 104 54 140 29 150 124 96 66 34 140 108 37 38 195 40 205 84 43 132 45 184 47 96 49 200 102 156 106 216 220 168 171 174 118 120 61 310 315 128 195 264 335 340 345 70 213 360 292 370 150 380 308 78 237 400 81 246 166 84 170 86 174 352 89 90 91
45 32 35 18 5 12 3 4 5 0 4 4 12 16 5 30 21 8 27 30 11 36 13 56 15 48 51 36 57 80 21 66 23 96 50 130 135 56 87 90 155 128 165 136 35 72 148 190 195 200 205 210 43 132 90 92 141 192 245 150 51 208 159 108 275 56 57 174 295 180 244 186 189 192 195 198 335 340 69 350 71 144 219 222 225 380 77 312 237 320 324 246 332 84 425 86 174 88 445 360
50 27 16 35 18 15 12 12 6 4 0 3 10 15 8 5 12 21 16 45 20 11 24 52 70 15 16 85 54 19 40 63 22 115 120 25 26 54 56 145 120 31 160 99 136 105 72 74 190 156 80 164 168 129 220 90 184 47 144 196 100 51 260 212 270 220 56 228 290 295 300 305 248 63 192 260 66 134 204 69 350 71 216 365 222 375 380 385 234 395 320 405 410 332 420 425 258 348 264 178
55 40 45 16 35 12 15 4 12 10 1 0 4 8 9 4 5 6 7 32 27 40 33 36 52 42 60 64 17 72 57 40 84 44 23 48 75 78 54 140 87 120 93 160 99 136 105 144 111 152 78 160 164 168 43 44 90 92 94 96 49 50 153 104 212 54 220 112 57 58 236 300 61 310 126 320 260 198 67 68 345 280 71 216 219 148 300 76 154 78 316 80 324 246 415 336 340 86 435 352
12 22 40 45 16 14 30 15 16 15 6 4 0 2 10 9 16 5 6 21 24 9 50 44 36 13 28 75 48 51 36 76 40 42 66 46 96 125 130 27 140 145 150 62 128 99 102 140 108 111 152 78 160 123 210 172 88 135 92 235 96 245 200 255 104 53 270 165 280 114 116 177 300 244 248 189 64 130 132 201 136 69 350 71 360 146 74 150 380 154 390 395 240 324 246 83 84 255 430 174
13 24 33 30 27 40 35 24 5 4 9 6 2 0 3 4 15 4 15 6 7 8 27 30 22 36 65 14 45 16 17 36 76 60 42 22 69 72 25 130 81 28 87 60 155 96 132 34 175 180 185 152 195 160 205 168 129 88 135 230 94 48 245 250 51 104 106 108 220 168 285 58 177 300 183 310 189 256 130 264 67 204 69 350 213 360 365 370 375 76 385 234 316 160 162 82 415 168 170 344
42 39 36 22 20 36 32 28 6 25 8 9 6 5 0 5 2 6 16 25 6 28 8 36 50 44 36 39 56 60 80 68 18 19 80 21 22 23 24 125 52 135 140 87 150 93 160 99 136 70 180 74 38 195 120 82 42 43 132 180 138 141 48 245 200 204 208 159 162 165 224 114 290 295 120 61 186 63 320 130 330 268 204 69 350 71 288 146 296 150 304 154 78 158 240 243 164 332 336 255
60 28 52 48 44 50 9 40 28 18 10 8 3 8 4 0 1 2 6 16 20 30 21 16 18 50 11 36 13 56 60 32 85 72 19 100 42 88 46 48 75 52 27 140 145 60 62 128 165 34 175 72 148 76 39 200 82 210 215 220 45 92 188 192 49 250 51 208 53 270 55 224 57 290 118 60 61 186 252 192 260 132 335 136 345 210 355 288 365 296 375 152 308 312 158 320 243 246 166 252
80 45 28 65 12 33 30 18 24 21 18 15 16 9 10 4 0 2 4 9 8 10 6 35 40 45 20 55 48 26 70 30 80 68 72 38 20 21 44 23 24 100 104 108 56 145 150 62 160 165 34 70 144 74 114 78 160 123 84 86 132 90 138 188 240 147 50 255 156 106 216 55 168 285 290 59 300 183 248 189 320 65 66 201 136 138 70 71 288 365 148 150 380 385 312 79 160 324 410 166
85 48 15 14 26 60 44 40 45 40 14 18 5 8 15 10 2 0 3 8 12 12 20 6 14 16 45 10 44 12 52 28 60 80 51 36 19 20 21 88 92 48 50 130 135 56 145 120 155 96 66 68 105 180 37 114 39 160 41 210 86 88 135 184 47 240 245 50 255 208 53 216 275 280 171 232 177 180 244 62 315 256 65 264 201 340 207 140 355 360 365 222 75 380 231 312 316 400 81 410
90 17 16 75 70 13 12 33 30 27 40 7 18 25 4 12 2 5 0 3 10 15 4 10 18 21 16 18 50 22 60 13 56 45 80 68 54 57 60 105 66 23 24 50 78 108 140 87 150 155 32 33 68 105 144 37 76 117 200 123 84 86 44 135 184 47 240 147 100 255 52 265 162 165 168 285 116 59 240 183 62 63 192 260 132 335 68 345 350 284 144 146 148 75 380 154 390 395 80 243
76 36 17 48 60 42 65 36 22 10 9 32 7 12 15 20 3 2 2 0 5 4 3 20 10 12 28 24 18 40 55 36 39 56 15 32 85 36 38 100 63 110 92 120 100 78 27 112 29 30 155 160 132 170 105 108 37 152 78 200 164 210 215 220 225 184 235 240 196 250 204 104 159 270 165 280 228 290 295 180 183 186 63 320 65 264 268 204 138 350 284 144 292 222 150 304 308 78 79 240
20 57 90 17 48 60 14 39 36 33 50 9 16 7 18 5 4 6 6 4 0 3 4 3 8 25 30 21 24 27 40 44 60 52 14 30 64 34 90 19 100 42 44 46 96 100 52 135 56 87 90 31 96 132 136 70 72 37 114 156 200 123 210 172 132 225 46 235 144 245 150 204 52 159 54 220 56 285 116 295 180 244 186 126 64 65 330 335 340 345 140 142 216 73 74 150 76 77 312 79
21 20 19 18 85 48 45 14 65 12 55 20 36 16 21 18 25 20 15 6 2 0 2 8 3 8 25 24 7 24 27 40 11 12 65 28 75 16 34 36 38 40 63 22 23 72 50 26 108 56 58 30 93 96 33 170 35 144 74 76 78 40 41 84 43 44 45 92 141 144 245 200 102 52 159 108 165 168 171 232 295 240 244 62 252 128 260 198 134 340 69 140 71 288 219 370 225 228 231 312
88 63 60 57 72 68 80 15 42 26 36 22 30 45 16 35 12 10 16 6 4 2 0 5 6 6 12 15 12 21 32 27 10 44 24 65 42 60 16 34 54 19 40 84 110 23 24 50 78 81 140 87 150 93 96 33 68 140 36 111 190 78 40 82 126 129 220 180 92 141 48 98 150 255 52 106 54 110 112 171 290 177 120 122 124 63 192 325 330 335 340 345 350 284 288 365 370 300 152 385
69 44 84 20 57 36 34 32 30 28 13 24 44 30 18 8 21 6 25 8 6 2 4 0 5 6 6 20 5 12 21 32 45 10 11 36 52 70 45 32 68 18 95 60 105 66 115 72 125 26 108 84 116 30 93 32 99 34 70 108 74 114 117 120 123 168 172 44 135 92 141 48 49 200 204 260 106 162 165 280 228 290 177 300 183 124 189 128 195 66 268 204 345 350 142 288 292 148 300 152
24 46 22 21 20 95 90 68 80 60 42 65 24 55 40 36 8 28 30 25 16 6 10 5 0 1 6 9 16 10 30 21 8 36 30 22 24 26 56 15 48 85 54 38 100 84 88 23 120 50 130 27 112 58 150 62 128 132 34 105 108 74 76 117 80 82 210 215 132 90 230 188 192 196 250 255 156 106 270 275 280 171 290 118 180 122 62 189 64 260 264 335 136 345 280 284 360 292 222 150
25 24 23 22 105 80 38 72 68 32 60 56 65 60 11 50 18 40 28 24 20 12 9 4 5 0 2 2 15 4 5 30 14 32 27 40 33 12 52 14 60 48 68 72 57 100 21 44 92 120 100 130 108 140 58 90 62 96 66 170 70 72 74 152 78 40 41 168 43 176 90 138 235 144 147 200 51 208 212 216 165 168 285 232 177 180 122 62 252 128 260 132 268 68 345 70 355 216 219 296
130 75 120 69 110 105 80 57 72 68 80 30 28 26 60 22 50 18 8 21 30 5 12 12 2 3 0 3 10 15 16 10 18 14 24 36 40 22 12 52 42 75 80 34 36 19 100 63 88 46 72 25 104 27 84 29 120 62 32 165 68 105 72 148 152 117 200 205 126 86 88 90 92 235 96 98 50 204 260 265 108 220 112 171 290 177 300 122 62 189 128 130 132 268 340 276 70 71 144 365
108 130 50 48 69 44 63 60 19 72 68 16 75 56 26 24 22 10 27 8 21 30 10 4 3 2 4 0 1 8 15 20 20 18 14 32 27 30 44 48 52 42 75 32 34 18 38 40 42 22 46 96 100 130 108 140 29 30 62 160 33 34 140 108 148 76 78 120 164 126 215 44 225 184 94 240 147 250 51 156 53 108 55 224 114 58 177 120 122 186 63 256 65 264 67 340 276 70 284 360
140 135 26 50 120 92 110 105 80 38 90 68 64 45 56 13 12 22 50 45 24 7 6 15 4 6 2 5 0 1 10 12 8 5 18 28 40 9 50 44 60 39 56 15 80 17 54 95 80 84 44 69 72 100 104 135 28 87 150 62 128 132 102 175 180 74 114 195 160 164 210 215 176 180 92 141 48 49 100 204 52 159 162 165 280 171 116 59 300 122 248 63 256 260 330 201 340 207 140 71
145 56 81 130 25 96 69 22 63 100 19 90 68 16 15 42 65 60 55 40 9 40 28 30 15 20 3 4 2 0 5 2 3 4 25 30 21 16 18 50 22 24 26 14 75 48 85 72 57 100 42 66 115 48 25 130 81 28 29 120 155 96 132 136 140 36 74 76 39 160 164 126 129 220 90 92 94 96 49 150 51 208 159 108 110 168 114 290 236 60 244 310 63 256 195 198 201 136 138 280
30 116 112 135 26 50 48 92 22 63 100 76 36 85 48 15 28 26 48 55 10 18 32 21 30 25 16 12 10 4 0 4 4 12 8 5 18 28 40 36 10 22 60 39 56 75 64 51 90 19 60 42 110 115 72 25 130 27 84 116 90 31 96 66 34 140 144 37 152 195 80 205 168 172 88 225 46 188 48 196 250 51 104 53 216 55 168 285 58 177 60 61 62 63 320 195 198 201 68 345
124 150 87 84 54 78 125 48 69 110 42 40 38 54 51 80 45 42 65 12 44 30 18 16 14 12 5 12 12 4 2 0 5 10 3 12 20 12 14 8 36 20 44 12 39 28 45 80 68 54 19 20 21 44 23 120 100 130 108 28 145 60 124 128 165 34 70 36 74 114 78 200 205 126 129 132 135 138 141 48 49 50 204 52 106 54 165 224 171 58 118 60 122 62 126 128 325 330 67 272
32 155 60 116 56 135 26 50 48 23 22 42 60 95 18 85 80 45 28 52 12 55 30 27 24 35 24 20 20 15 10 4 0 1 4 12 20 20 12 35 16 45 10 55 12 39 28 30 48 68 18 76 100 84 110 23 24 50 130 108 140 116 150 93 160 33 68 70 108 148 114 195 40 205 126 86 220 225 230 94 96 49 100 204 104 53 216 165 56 114 58 59 300 244 248 126 128 325 264 67
132 64 31 60 87 140 108 104 125 72 92 110 42 80 57 72 51 64 75 28 52 60 11 20 45 24 7 6 20 20 12 2 4 0 2 8 9 20 5 18 7 24 45 50 55 36 26 70 30 64 51 72 38 80 84 22 115 72 25 78 81 28 145 30 93 160 66 68 105 36 74 152 117 160 164 168 43 220 180 230 47 48 49 50 153 52 159 162 110 280 228 290 177 60 244 186 126 128 195 66
34 132 160 62 120 58 56 54 26 100 24 46 66 21 80 95 90 85 32 15 56 26 36 55 40 18 8 35 24 20 16 15 8 3 0 3 10 3 4 20 24 14 32 18 50 55 60 65 70 30 48 68 72 57 60 84 88 115 96 75 52 81 140 145 150 62 96 33 34 105 144 74 114 195 120 164 42 86 176 45 92 94 48 196 50 102 52 53 216 275 224 57 58 177 60 305 248 126 192 325
140 34 99 96 124 120 87 28 54 104 125 72 92 88 84 100 57 36 34 16 45 42 52 12 55 30 45 16 14 6 25 8 12 4 3 0 5 4 6 12 10 12 28 32 36 30 11 60 13 14 45 32 34 36 76 80 105 110 69 96 125 78 108 84 29 150 155 32 66 170 140 72 37 38 39 40 82 126 86 176 180 230 235 144 147 250 204 52 212 216 110 56 171 116 295 60 244 62 189 192
36 175 136 99 160 31 150 87 112 27 130 100 24 92 88 21 100 19 18 85 80 60 42 26 48 11 20 27 40 35 24 10 20 12 6 5 0 3 2 12 20 25 24 14 24 18 40 44 60 65 28 75 16 85 90 95 80 63 88 92 24 75 52 81 112 87 30 93 32 33 34 140 72 148 76 78 40 82 42 43 44 45 230 47 48 147 200 102 156 53 54 220 280 285 116 118 300 305 248 126
111 180 140 170 165 64 93 150 29 28 27 130 75 24 92 22 21 20 57 90 51 80 75 42 52 48 11 20 27 16 35 30 5 12 12 2 4 0 3 2 9 12 10 18 35 16 45 20 55 12 26 56 45 32 68 54 76 100 84 22 69 24 125 78 135 84 58 60 62 64 132 102 105 36 148 190 78 160 164 42 215 132 45 92 47 192 196 100 51 208 265 108 110 112 171 174 177 180 183 310
76 37 72 105 136 165 160 31 90 29 56 54 78 50 24 92 66 63 40 19 18 68 48 75 42 52 36 55 30 36 40 21 18 25 4 12 4 5 0 3 6 3 4 25 30 7 16 45 20 55 48 39 56 60 80 17 18 76 40 105 44 92 96 100 26 108 56 116 60 93 160 33 102 105 72 111 190 117 160 82 168 129 220 135 92 141 48 147 250 255 156 212 162 165 112 171 174 177 120 183
156 152 148 72 140 34 33 160 62 90 29 140 81 26 100 24 115 66 42 20 57 36 85 48 75 56 26 60 11 10 27 8 28 6 10 12 15 4 4 0 2 2 3 16 20 30 7 32 27 40 11 24 39 56 75 80 68 90 38 100 105 22 69 96 50 52 135 112 29 120 124 64 99 34 105 36 111 38 78 200 123 168 172 132 45 138 47 192 98 150 255 104 106 54 220 280 57 290 295 180
40 156 114 37 108 70 170 66 32 62 150 116 140 135 26 50 96 23 22 105 80 95 36 17 64 60 28 26 24 11 50 36 40 35 18 15 8 15 10 3 0 2 6 15 12 10 18 21 40 27 50 22 24 65 14 15 32 51 36 57 40 42 22 115 48 100 78 81 56 87 120 31 32 66 136 140 108 111 152 117 200 82 126 129 132 180 230 94 240 147 100 204 52 53 162 55 224 114 232 177
41 120 117 38 185 144 140 136 132 96 155 120 58 112 108 78 25 24 46 66 63 100 76 72 17 64 15 56 65 24 11 20 36 32 14 12 10 20 3 6 3 0 4 4 12 16 25 12 7 40 18 20 22 12 39 70 15 16 51 54 38 20 63 44 46 24 50 130 108 84 58 30 62 64 165 136 70 144 185 152 78 200 41 168 86 88 45 92 94 96 245 250 102 260 159 54 275 168 57 174
210 123 80 195 152 148 180 175 170 66 64 155 150 29 112 108 78 50 96 115 88 63 100 38 18 17 48 75 56 26 48 55 30 27 16 28 12 25 16 15 6 5 0 2 10 6 12 5 6 14 32 45 20 33 48 13 56 30 16 51 54 95 40 84 22 92 72 100 52 27 56 145 30 124 64 33 170 140 144 111 190 156 40 205 168 172 88 225 46 235 48 98 150 51 104 212 108 220 112 114
129 210 164 40 195 38 37 144 140 102 66 32 155 120 58 112 54 52 50 48 115 66 63 80 95 90 85 32 30 42 13 60 11 10 45 24 7 30 10 16 15 2 4 0 5 2 6 12 15 24 14 32 36 10 44 36 13 42 30 80 51 54 19 20 84 88 69 48 75 52 81 84 58 30 31 32 66 170 140 108 37 114 195 200 123 42 86 44 90 184 141 144 196 50 204 52 159 216 110 112
220 215 168 205 120 39 38 74 144 70 102 33 160 62 150 145 56 54 104 50 120 69 44 42 40 95 18 34 16 75 42 39 36 11 20 9 8 28 24 20 12 6 8 4 0 4 6 9 16 10 18 7 24 18 10 44 12 13 14 75 64 17 36 38 80 105 88 46 120 125 78 54 56 58 30 93 96 33 34 175 72 74 114 195 200 164 42 172 220 135 92 94 240 49 150 102 208 265 54 220
180 88 43 42 123 120 156 114 185 108 140 170 165 160 31 60 116 84 135 104 75 24 92 66 21 40 57 72 34 32 45 70 65 12 22 50 27 8 7 18 25 4 6 10 4 0 2 8 12 4 10 24 21 40 27 40 11 60 52 28 75 32 68 72 19 100 63 110 115 48 25 52 54 28 87 60 62 160 165 136 175 144 74 76 39 80 205 210 43 88 225 46 47 96 245 150 102 156 159 108
46 135 176 129 210 41 200 39 152 37 108 105 102 132 96 124 120 87 28 135 26 25 96 23 44 21 20 38 72 17 32 45 28 39 36 44 40 45 40 35 12 20 16 3 2 1 0 5 8 6 12 20 12 35 32 36 40 22 24 52 14 45 48 68 72 57 20 105 22 46 96 100 52 108 28 58 120 124 96 165 68 35 180 74 38 195 80 205 210 172 132 135 184 94 48 196 200 255 156 212
141 92 135 88 172 210 164 120 195 152 111 108 140 34 33 96 124 90 145 56 135 78 50 48 46 66 42 80 19 72 68 32 30 14 13 24 44 50 36 16 21 30 20 12 3 6 2 0 4 6 9 16 25 6 14 8 18 50 44 48 13 14 45 48 51 18 57 80 21 66 69 120 50 78 81 56 87 150 93 160 33 34 70 72 148 114 117 160 82 126 43 132 45 230 235 240 49 200 255 208
48 235 230 180 44 43 210 205 40 156 38 148 72 105 170 33 128 124 150 87 56 27 52 100 96 69 88 105 20 76 72 85 80 45 14 13 48 22 30 18 8 28 18 5 20 15 6 1 0 5 6 6 8 15 6 14 24 45 50 11 48 65 56 75 64 68 54 95 100 84 44 46 24 50 78 54 56 58 60 62 128 66 34 140 180 185 152 156 200 164 210 215 176 180 138 188 96 98 200 51
147 240 94 184 90 88 172 168 41 120 78 76 111 180 175 136 99 64 155 30 145 112 27 26 25 24 23 22 42 100 57 18 34 64 45 42 39 24 22 40 9 24 7 24 20 12 15 2 1 0 2 8 15 8 10 6 14 32 45 10 33 60 39 42 30 64 17 18 57 40 21 110 69 24 50 78 27 56 87 150 124 128 66 34 70 108 37 76 78 80 82 210 215 176 45 46 94 240 147 100
150 49 48 141 92 180 132 215 84 123 80 117 190 37 108 175 34 66 128 124 30 29 112 108 26 75 96 92 66 42 40 76 90 34 80 75 28 26 48 22 30 36 16 7 12 5 12 3 2 2 0 3 8 12 16 20 30 35 32 27 10 22 36 26 70 15 64 34 54 19 20 42 44 92 48 75 78 81 56 29 60 155 96 99 68 35 36 111 76 195 160 164 168 43 88 225 138 47 48 98
102 100 196 96 188 184 225 132 43 42 205 160 195 114 111 108 105 102 33 32 124 90 87 28 135 104 75 24 92 66 84 80 95 90 85 32 30 70 13 48 33 20 27 16 7 30 10 16 12 10 3 0 2 2 9 8 15 30 14 32 36 10 22 36 65 28 30 64 17 72 95 80 105 22 92 24 75 104 108 28 145 120 124 32 99 170 35 108 111 114 195 40 82 210 43 88 135 46 94 144
208 255 100 49 240 188 230 45 176 129 84 164 160 195 114 111 144 175 34 165 64 31 30 58 140 135 78 100 120 46 44 42 80 19 18 51 48 45 42 39 36 44 40 36 32 21 18 25 16 6 4 4 0 3 8 15 16 25 6 21 40 36 30 44 24 52 28 60 32 34 54 19 100 105 110 69 48 100 104 81 84 58 150 31 128 99 34 105 144 148 152 39 160 123 168 215 88 135 92 94
212 52 51 150 98 192 235 184 225 88 172 84 41 80 156 114 111 144 105 34 132 32 62 30 145 84 108 78 50 72 92 66 84 60 57 18 51 16 45 28 65 12 55 30 9 24 21 6 20 16 9 10 3 0 2 8 3 4 20 24 21 8 36 20 22 36 26 28 60 32 51 54 38 40 105 22 115 96 75 104 108 112 87 120 124 32 66 102 35 108 37 152 195 160 123 84 86 44 135 184
216 212 156 204 250 49 192 235 138 225 44 215 84 164 40 78 152 37 144 175 68 66 32 155 150 29 28 27 78 25 120 115 66 84 80 19 72 68 48 60 56 52 60 55 50 18 32 35 24 20 4 9 6 2 0 1 2 6 4 5 18 21 8 18 40 44 60 13 56 75 80 68 18 76 20 21 44 46 120 100 104 81 56 87 150 62 160 165 68 175 72 74 190 78 80 41 84 172 220 180
165 216 212 260 51 200 98 192 141 230 45 220 129 42 205 80 156 114 74 180 140 170 165 96 93 30 29 84 108 104 75 96 115 88 84 80 95 18 17 64 45 28 13 12 33 10 18 32 7 12 10 16 3 4 3 0 3 4 6 4 15 24 35 40 36 50 33 24 13 42 60 32 34 36 38 60 21 66 46 96 125 78 54 112 116 30 93 160 99 68 35 180 185 76 156 200 82 126 172 88
168 165 162 53 104 102 150 98 48 47 46 180 132 86 210 41 40 195 76 74 72 35 136 66 64 124 90 29 112 135 130 75 72 115 44 105 100 95 18 34 16 60 56 26 60 33 10 27 16 21 24 15 4 3 2 3 0 2 2 9 8 5 6 7 24 18 10 33 48 65 56 45 80 17 36 38 60 21 66 46 72 50 104 108 112 87 150 155 32 66 68 35 72 37 114 195 120 41 42 215
285 168 110 270 159 156 51 100 196 96 188 92 90 44 172 42 164 80 195 76 111 108 175 170 165 128 124 30 29 84 108 104 100 48 115 66 42 60 57 36 85 16 60 42 39 12 22 20 27 32 21 30 5 4 12 4 4 0 5 4 9 12 25 12 21 8 27 20 33 36 26 14 60 32 68 36 95 100 21 88 23 96 50 104 81 140 145 120 155 64 33 170 70 72 148 152 156 120 123 210
58 285 280 165 54 212 260 204 100 98 240 141 46 180 44 172 168 41 160 39 190 37 72 105 136 165 96 93 90 58 112 54 52 100 120 23 44 42 100 38 90 51 32 15 28 52 12 55 30 45 24 21 24 10 12 12 2 2 0 2 6 9 4 20 30 28 32 27 10 44 48 26 42 15 80 51 72 38 60 84 66 92 120 25 52 54 28 58 90 93 64 165 68 140 108 111 38 78 160 205
177 174 285 280 220 162 265 156 204 50 49 48 235 138 135 88 172 210 205 80 78 114 37 144 140 170 99 96 155 120 29 112 54 52 100 24 115 66 105 100 19 18 17 48 30 56 13 24 11 40 18 8 28 6 5 8 12 4 4 0 4 6 3 20 15 30 7 40 9 50 55 60 39 14 30 80 85 36 19 80 21 44 69 96 125 26 135 112 87 90 62 128 132 34 140 108 37 38 117 80
300 295 232 57 224 55 270 53 104 51 200 245 192 235 138 225 44 86 168 164 200 117 76 185 36 70 102 165 32 124 150 116 56 54 78 100 96 69 110 84 100 57 72 85 80 15 14 26 60 22 20 45 24 28 30 5 4 3 4 3 0 2 10 6 20 5 30 14 8 27 30 55 36 39 56 45 32 17 90 95 80 42 44 92 24 50 26 81 84 58 120 62 64 132 170 70 144 185 152 39
122 300 59 116 57 56 165 108 265 208 255 150 98 240 94 92 225 88 172 42 164 80 117 114 111 144 70 170 33 64 62 90 58 112 81 52 75 96 92 44 84 100 95 54 17 32 30 70 26 48 11 50 9 32 28 30 20 20 12 2 2 0 4 4 15 8 20 30 35 40 45 50 44 36 13 56 45 80 51 54 38 80 105 44 46 24 50 26 81 112 58 120 93 32 132 102 140 144 148 76
62 183 120 118 116 171 280 165 270 265 208 204 150 147 144 141 92 180 176 129 42 205 80 39 76 74 108 70 170 132 128 93 30 116 84 54 78 25 48 92 44 84 100 95 90 17 64 30 14 26 48 11 40 45 40 14 24 20 20 3 4 1 0 1 10 12 8 20 24 14 16 45 10 33 24 52 42 30 80 68 90 95 80 21 44 46 24 75 104 27 56 29 120 93 160 66 102 70 72 111
315 124 183 240 295 116 285 112 55 108 265 208 153 150 196 48 188 46 90 176 86 126 123 80 39 152 148 108 105 102 165 160 155 60 145 56 54 104 25 48 69 66 105 80 57 72 17 64 60 28 13 48 44 20 27 40 28 12 25 16 3 4 4 0 3 8 9 4 5 30 21 16 18 10 33 48 26 70 15 16 17 72 76 80 84 44 92 48 25 52 81 84 58 30 31 64 132 102 140 108
192 63 248 122 180 177 174 285 280 165 54 159 104 153 200 245 240 94 46 135 176 43 42 164 120 117 38 74 180 105 102 99 128 62 30 116 84 54 130 50 96 46 110 84 100 76 18 51 16 75 56 26 60 44 40 18 8 7 30 25 16 15 10 5 0 2 2 15 12 20 30 28 24 45 30 55 36 65 42 75 16 34 72 38 80 63 66 46 24 125 78 81 140 29 90 124 128 66 34 175
325 320 126 62 305 300 295 174 171 56 275 270 106 260 102 100 196 240 141 92 225 176 86 42 82 40 39 38 148 108 140 68 66 32 124 30 58 28 108 26 75 72 115 110 42 80 95 18 51 64 15 56 26 48 55 10 36 40 35 24 5 12 15 6 2 0 4 8 9 4 5 24 35 32 45 20 22 36 26 28 60 64 51 18 57 60 63 22 92 48 25 52 27 84 87 90 31 32 66 68
132 195 128 126 248 122 240 177 116 171 280 110 216 53 260 102 50 49 96 188 138 225 88 43 42 205 200 195 190 148 108 140 170 132 128 155 150 29 140 81 26 75 48 23 44 21 40 38 72 68 32 75 28 65 24 44 50 18 8 28 24 15 4 15 8 4 0 2 10 9 8 25 30 28 8 27 10 33 60 39 28 75 16 51 18 38 100 42 44 23 120 125 26 27 28 145 90 124 32 165
335 66 260 256 315 62 183 180 236 58 171 56 110 108 265 52 255 200 98 240 94 92 180 44 129 210 164 200 39 190 185 72 175 102 33 96 31 150 29 140 81 130 100 120 115 66 84 60 95 72 85 64 75 28 39 60 33 10 27 8 35 24 10 16 15 6 3 0 5 6 12 8 10 24 35 40 9 40 22 36 13 42 30 48 17 54 76 20 42 44 92 72 100 104 27 140 145 120 31 128
136 268 330 325 192 315 310 122 120 236 58 57 56 220 54 159 260 204 150 98 96 188 230 90 88 172 126 164 120 117 76 111 36 175 170 165 32 155 150 116 140 135 130 50 24 92 22 84 100 95 36 17 48 75 56 65 24 55 10 36 16 7 6 20 12 15 10 3 0 3 10 12 8 20 12 35 40 36 10 44 36 52 70 75 80 17 18 76 20 63 88 23 24 125 78 27 112 116 120 62
276 68 201 264 260 256 252 62 122 300 118 58 228 224 110 54 212 104 204 200 196 48 141 46 45 176 172 84 205 80 78 190 148 108 35 170 33 128 62 120 58 84 27 78 125 72 23 110 105 60 57 18 68 16 30 70 52 48 33 40 9 32 7 18 5 12 6 6 2 0 2 2 3 4 10 18 21 32 45 50 55 48 13 56 75 80 68 36 95 40 105 22 92 120 100 52 135 28 145 150
350 207 272 268 330 130 128 252 124 61 300 59 174 114 168 220 216 265 104 255 150 98 144 47 230 135 88 215 210 82 120 78 76 37 144 105 68 165 64 93 30 116 112 108 26 50 120 92 88 63 60 57 36 51 80 45 14 52 24 33 10 27 16 7 18 25 12 3 10 3 0 1 8 3 4 5 30 14 32 9 20 33 12 65 28 60 32 68 90 19 100 63 88 46 72 50 26 54 28 116
142 140 138 204 67 66 325 128 63 310 122 60 236 116 285 224 165 108 159 156 255 200 49 240 235 92 135 44 172 168 82 80 39 190 111 144 70 34 33 64 155 60 58 56 135 78 125 120 23 110 105 40 76 18 17 32 60 28 52 60 22 20 9 24 14 30 10 16 15 4 3 0 5 10 6 12 25 12 7 40 9 30 33 60 26 28 60 48 85 54 95 20 105 44 23 72 100 26 54 112
72 284 280 276 340 335 132 260 64 126 124 183 300 177 58 57 224 55 108 265 156 153 250 98 192 235 92 180 44 172 210 164 160 39 38 111 108 70 68 132 160 124 120 29 140 54 26 75 72 92 44 42 60 95 54 85 80 45 14 39 48 55 40 36 32 14 6 10 20 15 8 5 0 1 2 3 16 20 18 14 32 45 30 55 48 65 70 15 80 17 36 76 80 63 110 69 24 50 104 27
73 144 213 140 138 204 335 66 130 64 252 186 122 120 295 116 285 168 275 108 53 156 204 100 147 240 47 230 90 88 129 210 82 80 156 38 111 180 175 102 66 32 155 90 116 140 108 104 25 72 69 44 63 60 95 72 34 64 30 56 52 12 44 10 45 16 21 18 20 12 9 4 3 0 5 4 15 4 20 12 21 40 45 20 22 60 13 42 15 64 51 18 19 100 42 22 69 24 50 52
148 146 360 71 350 345 340 335 66 260 256 63 310 122 300 118 58 171 224 110 54 265 260 204 150 147 48 188 138 180 176 172 168 123 80 156 38 185 108 105 170 33 32 124 60 116 56 108 130 125 96 46 44 105 20 95 36 68 64 75 14 26 12 55 50 36 8 35 24 5 8 6 8 3 0 1 8 9 4 25 6 14 24 27 10 44 60 39 56 45 80 34 36 95 100 42 22 115 24 100
150 148 292 72 71 280 138 340 201 330 260 128 315 310 244 120 177 174 57 56 275 54 212 52 255 200 147 240 47 46 180 132 43 210 123 160 78 114 148 36 70 102 165 32 155 30 29 112 108 130 25 96 69 110 105 40 95 72 68 80 75 56 39 48 44 20 18 40 35 12 10 4 9 2 4 0 2 4 9 20 15 12 7 16 45 10 22 24 52 28 30 64 51 54 38 100 42 88 69 24
152 150 222 73 72 142 350 69 272 335 66 325 64 126 310 61 300 236 232 114 168 220 108 265 208 255 150 49 240 141 46 135 220 43 126 41 40 117 114 37 180 140 102 33 32 155 90 87 84 54 78 100 72 23 44 84 80 76 36 85 64 60 56 26 48 55 10 45 32 28 12 10 20 6 2 2 0 3 6 3 12 10 18 21 8 27 40 44 36 39 14 15 48 68 36 38 100 63 110 92
77 152 375 148 146 72 142 70 138 136 67 264 195 128 63 248 305 120 59 290 57 56 55 108 159 52 204 250 245 96 141 184 135 88 215 126 123 120 195 114 74 72 35 136 66 96 93 90 145 140 135 78 25 120 23 22 84 60 95 54 85 32 45 70 39 48 55 50 27 16 14 30 5 20 6 4 3 0 4 6 15 20 15 18 28 32 9 40 55 48 13 70 15 48 85 90 38 20 21 44
234 308 228 225 148 219 72 142 280 207 340 134 198 65 64 63 124 244 240 295 58 228 56 275 108 53 156 51 250 196 96 235 92 90 88 215 210 164 80 195 76 74 108 35 102 33 128 124 30 29 112 54 104 75 24 23 110 21 40 38 90 51 80 15 70 39 24 11 50 9 32 14 18 5 20 3 6 2 0 2 6 15 16 15 30 7 40 9 30 55 60 26 14 75 48 85 54 95 40 21
316 390 154 228 375 370 219 360 284 280 276 204 268 66 65 64 126 186 122 60 295 290 57 280 165 108 265 208 204 50 49 192 235 138 225 132 43 42 123 80 117 152 148 72 70 136 132 64 31 150 58 56 54 26 125 120 115 22 21 40 76 54 17 64 45 56 26 48 11 10 18 16 14 6 10 16 12 8 3 0 2 8 3 16 15 18 7 40 36 50 55 12 26 42 45 48 17 36 38 80
240 237 390 308 304 75 370 73 144 213 70 276 204 134 66 195 64 189 310 122 240 177 290 57 168 55 216 212 104 102 250 49 240 47 92 90 132 215 42 205 160 156 190 148 180 105 136 132 96 155 90 58 56 135 78 125 24 92 66 84 40 19 18 68 16 60 28 65 24 22 50 9 32 35 12 25 16 9 10 4 0 4 10 9 8 25 18 35 40 9 30 33 60 39 28 30 64 17 54 19
81 80 79 312 154 304 300 370 292 144 71 280 138 68 201 264 65 128 315 124 122 120 118 116 57 224 55 216 265 156 153 150 98 144 141 230 135 44 129 168 82 40 39 38 148 36 70 136 165 160 124 150 29 84 135 104 25 96 46 22 105 20 57 72 17 48 45 70 52 12 55 30 18 16 7 12 20 4 15 10 4 0 5 2 15 8 20 6 7 40 9 20 22 12 65 14 75 80 34 90
328 81 320 237 234 154 152 150 74 146 144 213 70 69 136 134 66 260 192 189 124 122 120 295 116 228 56 165 270 265 104 51 250 49 144 47 230 225 176 172 84 205 40 117 114 185 180 175 170 99 64 155 90 87 112 135 78 125 120 92 22 21 20 19 54 85 64 60 42 39 60 11 20 45 40 28 30 20 8 15 6 4 0 3 4 3 4 5 24 7 32 27 30 11 36 52 14 30 80 85
332 410 81 320 237 390 77 228 75 74 365 144 284 140 276 204 67 132 65 64 252 186 183 300 295 116 171 112 55 108 53 104 153 200 147 96 94 92 180 220 86 84 82 160 78 190 185 180 105 170 99 64 93 150 145 140 81 52 50 48 69 22 42 40 19 72 17 48 60 28 52 24 22 50 27 16 7 18 15 12 3 10 3 0 5 8 3 16 20 30 7 8 9 10 11 12 26 42 30 64
84 83 164 243 160 395 156 154 380 150 222 365 144 142 350 69 204 134 330 260 256 63 310 244 60 59 232 171 280 165 162 212 104 51 50 196 144 94 46 180 44 215 168 41 200 78 114 111 108 35 136 132 32 155 60 29 112 135 104 25 48 23 88 105 100 19 90 51 16 15 28 65 48 33 30 9 16 35 24 10 16 15 2 2 0 5 6 3 4 20 6 7 32 45 40 22 12 52 42 30
85 84 415 328 81 160 237 312 385 152 300 222 219 216 284 140 207 340 67 132 130 64 252 62 61 180 59 174 114 112 165 54 212 52 153 250 245 48 188 230 180 44 215 210 41 160 195 152 111 144 140 136 132 128 31 120 87 28 27 52 100 96 23 22 84 100 95 54 17 16 75 14 52 60 22 40 27 32 7 30 25 8 12 6 4 0 4 2 15 20 25 6 14 32 45 20 33 24 52 28
258 425 84 166 410 324 80 237 78 385 76 225 296 146 288 213 210 207 204 201 132 325 320 126 310 305 300 59 290 114 168 55 108 53 104 255 250 196 240 47 230 225 88 86 168 164 200 78 38 111 36 105 68 66 96 62 150 29 112 54 78 125 48 46 88 63 60 95 90 85 80 75 56 26 24 11 50 18 32 14 24 10 4 3 2 1 0 1 10 12 16 5 24 21 24 27 40 44 12 13
261 344 340 168 166 410 162 80 237 156 77 228 225 148 146 216 213 140 69 68 134 198 130 64 63 186 305 240 118 174 285 56 220 216 159 156 153 250 49 240 47 92 90 44 43 84 82 160 117 76 37 144 175 170 33 160 62 30 58 56 81 52 75 48 69 66 84 60 19 72 34 16 60 28 52 48 22 30 27 16 28 24 20 4 12 6 4 0 1 8 12 20 25 24 28 24 9 50 44 24
88 261 172 340 168 249 164 405 240 316 78 154 380 375 296 73 216 213 350 207 68 268 66 325 320 63 124 244 120 236 174 171 224 275 270 159 156 255 100 196 192 188 230 90 88 172 210 164 40 156 38 37 72 105 68 33 32 124 60 29 56 81 26 125 72 46 44 84 100 19 90 34 48 15 28 13 12 55 50 18 16 21 12 10 16 15 2 1 0 3 10 3 8 5 24 28 8 18 30 55
89 352 261 430 425 420 166 164 243 80 395 234 231 152 375 370 73 72 213 140 138 136 335 132 260 192 252 310 244 60 177 58 228 168 220 54 53 156 204 50 98 240 94 46 180 44 86 42 123 200 117 38 37 108 105 68 66 160 155 60 116 28 108 104 25 24 69 88 63 80 19 72 51 64 15 28 39 36 22 10 18 40 21 24 25 20 15 6 5 0 3 8 6 20 10 24 14 8 9 20
90 89 88 348 430 425 84 166 246 405 400 158 156 308 76 300 74 73 288 213 280 138 340 201 132 325 128 252 186 122 300 295 58 171 224 110 270 212 104 153 50 98 96 188 230 90 44 172 126 164 200 156 76 74 36 35 68 132 160 62 120 87 112 27 130 25 24 69 44 42 80 57 72 51 80 30 56 52 12 11 20 27 32 21 24 15 16 12 4 2 0 3 6 15 12 25 24 7 24 9
273 90 178 440 261 172 425 420 249 328 405 160 316 234 231 76 150 148 365 216 284 280 345 136 67 198 65 256 126 248 183 240 177 58 285 112 220 54 53 52 255 250 98 96 47 230 180 132 86 84 41 40 117 114 37 72 105 136 132 96 31 150 87 28 108 52 50 120 115 110 42 100 57 90 85 64 45 42 13 60 33 20 18 40 35 12 20 12 12 8 2 0 4 4 15 20 15 12 14 16
276 91 90 178 88 261 86 170 336 332 82 81 400 79 156 308 304 225 148 146 288 142 350 138 340 201 330 260 256 315 310 183 120 295 116 57 112 275 108 265 52 255 150 245 240 94 46 135 176 215 210 82 80 117 76 74 72 175 136 66 64 62 30 145 84 54 104 100 72 46 22 21 20 19 54 68 16 15 42 65 36 33 20 18 24 14 12 15 12 9 6 1 0 2 4 12 16 10 30 7
372 368 364 270 267 352 435 430 85 252 83 82 324 320 237 312 154 228 150 370 73 216 71 280 69 272 67 264 130 320 315 248 183 60 295 116 114 112 275 162 106 156 153 50 196 144 47 184 45 176 43 42 82 80 39 152 185 144 70 34 66 64 124 150 145 84 81 26 50 48 23 44 105 60 57 54 68 48 60 42 26 12 44 20 27 8 35 30 15 8 9 10 3 0 2 6 9 20 25 18
376 93 368 182 360 445 176 174 258 340 336 83 82 243 160 395 312 77 228 375 370 146 216 213 280 276 340 134 198 130 128 252 310 183 300 295 290 57 168 220 270 159 52 102 200 196 48 47 184 180 44 86 168 123 160 156 152 148 36 140 68 165 64 62 30 116 84 54 52 100 120 69 110 63 40 95 36 34 48 75 28 13 12 22 50 36 32 7 18 10 4 12 2 3 0 4 4 9 20 25
190 282 186 368 91 90 89 264 435 258 85 252 166 328 162 80 316 78 231 304 300 296 365 144 284 210 276 340 67 330 260 256 63 62 183 180 177 232 228 224 110 108 106 104 51 50 245 96 188 138 135 132 43 84 205 200 78 114 74 36 175 102 165 128 93 150 145 84 54 130 100 120 46 66 42 100 57 36 85 32 60 42 13 12 11 40 27 8 35 24 25 16 15 6 5 0 4 6 9 16
96 95 188 279 92 273 90 89 352 261 172 170 336 166 246 243 80 158 156 231 304 225 296 292 288 355 280 207 68 268 264 260 320 252 310 122 300 177 232 114 112 275 216 265 156 255 250 49 96 47 138 45 176 43 126 41 40 195 114 74 36 105 68 66 96 62 90 58 140 108 130 25 24 69 66 84 20 76 72 51 16 15 42 52 36 55 50 27 16 28 24 10 20 9 2 5 0 3 8 9
194 288 380 282 186 368 273 270 445 176 174 172 255 84 83 164 162 160 395 390 77 304 150 148 219 288 284 70 69 272 134 264 65 320 126 62 305 180 177 116 285 168 55 270 212 52 255 50 98 240 141 184 45 88 43 210 41 200 39 114 37 144 175 68 165 160 155 90 58 28 27 130 50 48 46 22 63 20 57 18 85 32 30 14 13 24 22 40 45 16 14 6 25 16 12 2 2 0 3 8
490 291 480 285 470 372 368 182 270 356 352 348 86 170 252 166 82 243 320 79 156 231 380 150 296 292 144 142 350 69 340 335 198 260 192 315 186 183 300 295 232 114 280 110 162 159 156 255 150 245 192 141 92 225 220 43 168 82 120 195 190 74 180 175 34 132 128 93 90 29 140 135 52 50 48 69 66 105 100 95 90 34 32 30 70 26 24 55 10 45 32 14 24 20 12 3 6 2 0 2
396 490 388 192 475 94 93 460 91 90 445 352 174 86 425 84 166 82 324 240 158 234 308 304 300 370 292 288 355 210 69 204 201 66 260 320 252 186 244 180 59 174 114 168 55 108 106 104 255 200 49 96 188 92 135 132 215 210 82 160 39 190 148 108 70 34 33 64 124 30 29 140 81 78 100 24 46 110 42 40 38 72 34 80 30 56 39 48 22 40 9 8 7 12 5 8 9 6 1 0
0 3 2 15 40 30 24 63 48 72 30 55 60 13 84 120 16 170 72 76 20 189 198 115 72 200 130 243 56 116 60 93 320 33 204 105 324 111 38 156 120 164 126 172 396 180 184 470 240 441 500 357 208 530 162 385 560 570 174 177 420 427 558 189 128 650 594 201 612 276 210 568 288 584 148 450 76 616 234 632 240 729 738 581 588 170 86 261 352 890 900 364 460 930 658 475 96 97 784 792
2 0 3 14 12 40 5 6 35 8 36 30 44 96 130 70 45 144 68 90 114 140 210 22 161 48 225 182 135 28 145 60 124 256 66 204 140 360 111 380 39 280 287 420 43 132 405 138 235 384 490 350 153 104 318 432 550 224 285 580 177 180 488 496 252 448 130 264 469 204 552 70 142 72 219 222 525 304 770 546 711 160 486 574 830 588 425 344 609 88 89 540 455 644 744 470 190 576 970 294
2 2 0 3 16 18 28 5 48 14 64 45 40 77 36 91 56 90 112 34 144 190 140 126 88 23 48 125 26 270 112 203 120 279 320 132 34 70 180 74 380 39 360 41 126 344 132 45 46 188 192 196 450 51 416 212 378 220 168 342 58 531 540 366 434 63 384 65 264 536 680 483 280 568 360 219 444 375 152 77 780 711 720 567 738 581 840 850 860 174 264 267 450 546 92 465 376 665 192 776
3 6 1 0 3 16 9 12 15 60 21 48 90 40 110 24 78 70 30 16 51 36 19 200 84 22 115 72 225 26 81 224 29 210 31 64 99 68 35 36 222 304 390 320 205 336 387 88 405 414 470 192 196 250 459 364 424 54 275 560 456 464 236 420 183 186 189 128 390 264 536 68 138 420 71 648 438 740 300 228 308 780 711 480 324 492 249 588 680 258 609 528 534 450 455 368 558 188 570 960
12 30 6 5 0 9 18 15 40 20 24 56 32 45 50 88 72 39 84 75 16 17 162 190 140 147 110 138 72 75 260 54 56 290 300 310 64 66 102 140 216 37 152 234 280 287 378 215 352 315 46 423 288 392 500 357 104 318 540 110 336 456 290 118 420 305 496 441 512 195 264 402 680 276 490 213 648 438 74 225 684 154 156 790 320 81 656 498 672 595 258 870 528 356 90 455 184 93 94 95
40 16 30 12 6 0 6 4 9 20 25 54 14 80 63 60 88 72 39 140 75 16 85 126 19 180 189 220 92 72 50 234 270 224 145 180 62 64 198 238 280 252 259 38 390 360 246 42 86 176 315 184 235 384 343 300 357 416 424 378 110 560 285 464 295 480 122 186 126 128 585 462 201 408 207 140 497 648 73 296 525 760 231 702 158 640 81 328 498 504 170 258 348 88 712 270 728 460 372 940
30 50 40 15 16 1 0 6 4 24 32 40 6 42 64 72 60 11 72 52 42 30 32 85 126 133 120 105 198 115 48 175 104 54 224 87 90 279 288 297 204 140 180 74 114 312 240 328 168 301 44 225 230 47 288 147 250 510 364 265 216 275 336 456 290 295 480 244 248 252 320 455 66 67 612 138 420 497 432 292 148 75 304 693 702 474 560 486 492 747 420 85 430 435 704 623 900 910 644 93
63 60 25 4 27 8 5 0 7 8 18 32 25 42 35 16 81 90 44 36 117 112 75 16 119 162 19 120 63 132 23 96 175 208 108 224 261 60 186 224 99 340 315 216 74 228 78 160 41 84 129 88 180 414 282 480 147 400 357 260 53 432 165 336 456 522 472 480 488 434 126 64 585 594 402 204 414 560 497 72 438 148 75 456 308 312 79 560 405 738 581 84 255 86 348 352 890 630 910 552
48 56 60 30 4 3 4 2 0 2 6 3 4 10 6 49 48 90 40 99 108 52 56 120 128 170 144 133 20 21 110 92 120 100 130 162 140 290 300 186 64 165 306 140 252 111 380 273 120 410 168 301 44 270 322 94 336 490 100 459 416 212 432 110 168 285 580 295 600 366 372 252 576 650 462 134 340 276 350 497 648 730 592 375 684 308 312 237 720 324 328 415 168 170 430 348 352 890 540 364
27 24 49 48 10 36 30 6 4 0 8 16 9 24 5 6 28 72 27 40 110 36 130 112 15 160 102 144 76 80 42 154 115 48 25 156 243 84 174 150 248 256 165 68 280 180 222 342 156 280 82 210 172 308 225 92 188 480 196 250 357 312 53 54 440 336 114 348 236 540 122 124 126 64 455 330 67 680 690 70 426 216 438 592 450 76 616 78 711 720 81 574 166 588 765 172 522 616 623 180
30 45 56 28 42 40 40 30 14 9 0 7 6 6 4 20 12 7 64 54 30 44 120 104 140 15 112 136 108 190 200 105 66 92 240 200 104 216 168 116 60 93 96 33 68 245 324 74 152 390 400 287 168 301 88 315 276 376 384 441 350 510 104 424 54 495 392 57 58 413 60 488 434 378 64 650 660 536 544 345 490 568 216 730 740 150 228 462 156 553 320 81 328 498 840 425 344 522 704 356
99 40 18 16 35 42 35 20 12 6 5 0 4 2 6 4 30 54 21 16 90 80 110 72 130 70 30 160 68 90 133 100 63 66 115 96 75 78 108 224 232 180 31 320 198 238 35 216 148 228 312 40 328 252 387 88 90 138 47 384 98 300 255 208 159 270 495 336 399 464 177 480 366 558 441 256 325 660 469 544 621 140 71 288 438 740 150 76 231 780 632 800 648 574 332 588 680 516 696 352
12 99 30 27 64 21 60 20 8 3 14 9 0 4 12 9 40 20 18 70 56 18 30 88 60 104 84 135 144 68 18 57 120 105 198 69 216 150 52 243 224 87 120 124 128 198 136 350 360 222 76 234 400 123 378 215 132 360 276 235 336 49 400 459 260 371 540 330 56 342 290 236 60 61 558 252 320 260 132 402 544 690 140 639 72 292 296 450 532 154 312 316 800 243 164 664 336 340 860 87
78 12 66 10 27 16 56 24 45 20 3 10 8 0 10 8 9 36 15 42 42 80 27 80 88 72 130 28 30 160 170 180 133 20 126 44 92 192 175 182 108 28 290 210 93 128 198 34 210 216 185 152 39 240 328 168 215 44 360 46 329 48 294 450 255 364 265 378 495 280 57 406 236 60 244 124 126 64 390 264 335 476 690 560 71 432 146 148 750 760 77 468 711 480 81 246 581 252 170 430
98 39 12 44 100 63 56 35 36 35 12 27 10 10 0 3 2 3 32 10 54 63 40 45 100 99 36 104 56 45 16 85 162 95 40 21 220 69 216 25 156 243 56 290 300 310 320 330 34 210 324 111 342 39 360 123 294 301 352 45 322 423 96 98 50 153 312 477 378 275 168 228 58 472 60 244 248 567 192 650 66 134 680 345 280 142 360 146 444 600 152 77 780 79 720 567 82 249 252 765
135 28 65 84 33 30 45 56 21 18 25 24 27 14 10 0 8 10 27 20 40 30 7 8 54 50 33 84 91 98 120 128 153 18 171 80 84 176 92 24 50 208 270 196 203 270 186 160 33 204 315 252 222 266 273 40 410 336 43 132 450 276 235 48 343 100 357 468 371 108 220 336 114 116 59 540 549 62 315 384 130 330 134 136 69 210 355 648 730 74 675 684 77 702 474 240 810 328 83 420
160 105 98 91 84 44 100 27 64 21 12 20 40 12 18 1 0 4 8 24 40 45 18 56 32 81 90 88 24 39 84 90 128 68 36 190 160 42 22 230 24 250 156 54 140 87 180 186 128 99 68 70 216 148 76 117 240 123 84 172 352 360 138 376 96 98 400 102 468 318 378 385 336 342 58 354 540 366 496 63 192 195 198 134 204 345 420 284 288 730 444 75 760 462 780 237 160 162 492 830
153 96 120 112 78 24 88 70 9 56 28 54 25 4 18 8 7 0 7 16 21 20 40 24 49 80 45 20 33 12 52 112 90 96 34 90 57 60 21 198 92 216 225 26 135 224 58 150 186 160 165 204 140 324 148 380 312 80 369 420 215 308 135 414 141 96 294 100 255 156 53 162 550 56 399 174 236 120 244 310 504 192 520 198 469 408 345 70 497 144 365 222 750 608 77 390 237 480 243 164
90 17 48 90 84 117 108 33 20 36 64 35 24 20 32 12 18 2 0 7 14 21 40 45 48 21 64 90 50 22 48 65 28 90 80 102 36 19 80 126 44 230 96 200 182 189 252 116 120 217 224 99 204 175 216 74 38 273 240 328 420 129 264 90 460 376 192 245 450 357 468 530 540 550 504 399 406 177 240 244 62 189 384 195 330 402 136 69 70 71 360 657 296 300 684 308 468 711 800 567
76 36 85 32 60 28 65 72 110 90 81 24 35 12 20 24 3 12 7 0 4 20 3 4 40 30 63 32 81 10 77 96 39 112 135 16 17 54 95 160 210 176 207 24 200 104 108 56 29 210 93 32 33 306 175 216 74 152 39 360 123 84 258 176 225 368 141 384 490 150 459 312 159 378 550 224 285 580 295 480 488 186 189 192 195 528 469 408 207 700 213 360 657 74 525 684 385 234 711 480
40 171 90 17 48 105 14 26 12 110 90 9 64 63 42 30 40 9 6 1 0 6 20 6 4 10 18 21 8 45 40 110 120 52 28 90 112 102 144 133 180 84 110 207 96 175 104 189 112 58 180 93 224 132 204 315 216 37 152 117 240 205 420 344 88 45 138 423 288 196 150 255 156 106 216 385 504 399 290 236 120 305 496 567 512 260 660 67 340 414 490 710 216 438 444 600 228 693 156 632
63 60 19 126 51 48 30 126 52 24 11 100 72 32 63 42 30 20 6 8 6 0 2 10 15 20 45 30 21 56 72 60 77 60 117 98 60 112 102 36 171 160 105 110 161 144 25 130 81 56 174 120 124 288 330 204 105 360 37 228 117 400 205 378 301 44 450 184 235 288 294 450 510 52 53 378 275 56 114 174 590 300 122 62 315 64 650 528 536 68 276 280 71 432 365 444 675 304 462 468
176 21 200 57 54 170 64 60 14 26 12 11 40 54 56 21 24 20 24 12 8 1 0 6 18 21 12 30 18 14 64 45 70 77 120 26 56 90 160 102 126 133 160 105 44 184 24 200 52 162 84 87 180 217 96 330 102 105 360 222 266 78 400 164 420 430 440 135 368 282 240 147 250 408 52 371 162 550 448 285 348 590 600 122 372 441 256 130 66 536 136 414 700 568 720 292 148 675 76 693
115 154 84 120 133 180 68 48 45 14 104 84 22 30 9 80 7 12 40 40 21 12 4 0 1 12 24 8 30 18 49 32 18 90 55 108 130 14 150 112 51 162 95 140 84 132 161 96 225 52 108 168 261 240 279 96 198 238 70 144 259 266 312 280 410 210 129 176 270 46 423 96 98 300 357 52 424 540 495 112 57 464 236 480 610 310 441 384 325 594 268 612 69 630 142 144 657 666 150 76
48 69 110 147 20 38 36 68 160 45 112 13 36 44 40 36 24 7 36 45 4 12 2 10 0 3 4 12 28 15 24 42 8 18 60 55 60 13 56 120 16 34 162 19 40 168 88 46 48 25 26 189 224 58 30 31 288 33 340 175 72 185 190 117 240 41 84 387 264 270 138 423 432 343 100 459 260 477 540 110 448 114 116 59 60 122 62 189 256 455 330 603 612 276 350 142 648 146 740 375
225 120 184 176 210 100 133 126 68 16 90 28 39 120 33 90 27 64 21 60 5 40 3 14 7 0 9 16 30 40 25 6 7 8 18 30 44 96 52 28 30 80 34 72 57 100 63 132 69 216 75 52 270 196 232 120 31 256 132 306 315 324 296 380 156 200 164 252 215 44 450 368 423 144 343 500 255 156 265 432 385 168 570 580 59 480 305 434 441 640 455 462 469 204 621 700 497 288 292 148
208 225 240 138 88 147 40 95 36 34 112 15 56 130 84 99 80 63 40 14 24 35 8 27 10 8 0 5 14 27 32 20 36 42 32 54 10 55 108 26 112 90 80 17 18 95 180 147 154 69 240 50 156 135 28 174 150 124 288 66 238 280 324 222 228 195 320 164 378 258 44 315 322 423 288 392 50 102 312 530 432 440 504 114 290 177 240 61 496 567 64 130 198 67 612 69 70 710 144 584
216 182 150 168 23 88 63 20 57 180 34 64 60 56 13 96 66 40 90 24 49 42 45 32 12 14 5 0 5 8 9 24 5 42 35 48 18 60 66 36 91 28 30 64 68 18 76 100 63 132 230 96 25 208 108 280 58 120 31 288 297 170 35 72 296 38 351 280 82 294 301 308 450 276 376 288 294 400 255 468 159 486 165 112 399 174 118 240 427 434 630 320 585 528 67 408 207 700 284 720
168 189 130 200 240 69 198 147 80 57 108 170 64 60 98 13 96 55 30 90 32 42 36 25 4 3 18 2 0 7 20 9 36 50 54 7 72 36 40 44 108 78 98 90 16 17 162 190 160 126 132 69 96 200 26 189 28 145 270 217 32 165 102 105 252 37 266 312 400 123 168 86 264 360 322 94 288 294 200 102 208 530 378 110 560 399 522 177 540 427 434 441 512 520 660 268 680 483 700 284
58 28 162 156 100 120 161 132 63 120 76 72 170 48 120 42 39 36 44 90 9 56 42 36 40 36 18 12 4 0 7 16 12 36 10 18 28 24 90 100 44 36 78 98 120 128 136 36 76 20 168 154 184 96 250 260 216 56 290 90 248 160 33 238 350 180 111 114 312 200 205 42 344 352 225 276 423 384 294 100 102 416 477 162 440 392 228 348 295 180 305 434 378 64 650 132 536 612 552 420
240 145 196 135 52 25 24 23 66 21 100 57 18 136 112 150 98 78 84 99 40 27 80 70 6 35 24 27 14 4 0 4 6 24 16 50 36 7 24 18 30 11 84 65 14 105 160 68 72 152 20 189 220 207 240 125 260 108 56 174 30 248 224 132 136 280 108 111 114 351 120 328 252 86 176 225 460 329 336 392 50 357 156 371 486 275 392 570 348 295 420 488 620 630 128 390 132 201 204 345
279 270 87 56 216 208 175 240 46 198 189 160 133 162 119 96 75 70 104 96 88 50 45 64 28 36 20 36 27 18 7 0 2 18 3 24 35 48 14 16 18 80 66 60 91 28 90 64 136 36 38 160 126 132 115 48 175 26 108 224 232 60 155 192 132 68 280 108 259 38 39 40 41 84 215 440 90 184 94 240 490 50 510 468 477 486 110 280 570 174 472 180 183 620 252 256 455 660 536 680
64 62 90 232 168 135 26 125 96 230 198 63 180 171 162 51 128 45 126 91 84 33 100 36 8 35 60 5 40 3 6 7 0 3 18 30 16 45 48 28 16 27 90 22 60 65 14 135 160 102 108 95 180 189 22 138 24 25 182 216 84 290 300 217 128 330 34 140 108 296 38 234 280 287 126 344 132 135 414 470 144 392 100 510 468 212 54 550 280 57 348 118 360 427 372 630 512 455 660 335
66 160 248 240 261 280 270 260 200 96 184 110 105 60 171 126 17 32 60 112 52 12 77 50 27 24 42 6 20 24 30 12 10 0 5 12 21 4 50 12 63 80 36 30 110 120 91 14 60 96 68 36 171 80 189 88 230 216 250 208 81 196 261 30 186 224 66 102 280 252 222 76 312 360 287 210 43 352 270 46 235 288 147 350 306 468 424 108 330 504 399 58 531 60 549 496 504 192 260 660
68 198 64 124 90 116 168 135 78 25 168 115 110 105 140 38 162 17 80 30 70 13 120 44 50 9 16 56 24 5 16 3 16 8 0 10 16 9 24 45 6 42 24 18 40 55 120 52 28 15 144 136 54 38 60 21 66 184 240 75 26 27 196 58 150 217 288 165 170 315 216 74 152 39 40 205 84 430 220 270 368 470 432 245 150 204 468 53 216 495 560 570 522 590 420 305 434 567 256 325
210 68 132 160 62 240 203 196 270 156 225 144 230 176 105 140 76 162 102 160 150 140 39 36 33 30 18 48 28 24 35 8 6 12 4 0 7 14 9 36 25 42 70 48 36 30 77 24 26 98 105 112 34 162 133 60 189 66 46 192 50 104 81 196 145 90 279 96 297 306 210 216 370 190 117 80 246 168 129 44 225 138 141 192 147 450 51 468 477 432 55 504 285 348 236 540 366 186 504 640
252 140 306 33 224 124 180 261 140 27 234 150 240 46 88 21 160 95 180 17 128 135 98 91 108 77 90 81 48 7 30 25 36 24 8 1 0 10 10 9 32 50 30 35 80 54 50 110 108 104 70 135 144 170 36 57 120 105 132 69 24 100 234 135 252 87 60 62 288 297 340 350 288 111 266 117 160 205 168 430 264 360 368 94 288 245 150 102 312 212 324 275 392 342 232 590 540 427 248 630
259 360 210 204 297 64 186 30 203 140 135 208 125 216 69 66 168 120 19 108 136 64 105 14 104 108 110 30 36 32 70 42 10 12 12 12 1 0 8 16 27 12 40 54 21 8 63 50 99 96 13 14 105 80 34 126 57 60 21 198 92 72 25 78 189 168 87 150 31 288 198 68 35 180 148 114 234 360 246 168 172 132 225 276 235 48 98 300 255 52 424 108 440 448 228 174 354 300 366 186
304 74 324 350 272 198 96 62 210 29 112 27 208 75 216 230 198 21 80 19 180 153 96 15 140 78 120 99 30 36 32 35 42 5 24 9 18 2 0 9 8 30 8 30 18 28 40 81 80 99 120 130 70 15 48 102 144 133 200 126 220 46 72 100 234 162 280 87 240 248 192 231 68 280 252 370 190 390 360 41 42 258 308 90 184 282 144 49 100 510 52 477 432 55 504 228 464 177 300 427
78 76 37 360 70 306 198 128 279 120 232 224 81 156 25 168 46 88 42 120 57 126 136 16 75 28 52 24 55 30 18 8 63 6 20 24 6 20 7 0 9 16 12 40 10 6 35 8 45 20 44 96 78 70 150 80 85 180 152 200 189 220 115 216 50 156 162 196 58 300 31 96 33 68 105 252 296 228 156 80 164 126 430 44 270 184 329 96 343 300 51 260 477 108 220 168 57 406 295 420
400 117 342 111 180 350 34 297 192 186 60 232 84 270 182 125 120 138 176 84 40 114 144 102 80 150 42 65 12 77 20 90 16 70 48 45 40 24 8 5 0 5 18 24 16 25 48 14 24 27 90 44 72 65 42 30 144 51 54 171 140 21 66 69 24 150 104 162 224 174 300 248 64 330 136 140 288 74 380 195 400 164 294 43 220 405 322 94 336 49 450 510 520 265 486 55 280 57 290 236
287 400 273 266 148 216 140 68 33 64 186 120 116 280 81 208 150 120 207 154 126 140 19 180 119 144 150 14 26 120 77 80 72 8 14 6 50 36 18 6 9 0 3 16 3 36 30 24 14 24 90 90 44 72 39 28 120 112 153 108 171 200 126 110 207 120 200 78 108 252 145 180 186 192 297 170 70 324 148 38 78 40 287 294 215 44 225 368 329 288 392 450 408 416 477 108 440 224 114 522
252 205 120 273 190 74 252 245 170 165 256 155 300 116 168 162 156 50 72 184 132 21 120 114 90 119 32 60 126 78 96 88 100 63 72 14 54 5 40 12 8 9 0 6 4 3 16 25 18 21 80 45 10 33 60 13 56 15 144 85 36 38 200 105 88 184 72 200 182 54 56 58 30 31 288 165 68 175 360 296 380 78 240 410 210 344 396 270 92 423 96 49 200 408 416 212 378 550 448 342
43 378 246 200 351 152 185 360 105 340 297 288 124 150 290 28 135 104 225 48 161 154 63 80 114 72 136 80 150 42 130 108 110 80 63 64 70 6 35 8 27 4 7 0 1 14 30 36 15 24 70 72 18 50 99 24 130 14 150 112 170 162 114 140 210 198 184 48 75 156 54 168 261 90 155 288 99 306 350 108 148 38 117 400 205 294 172 44 270 414 282 144 294 200 102 156 424 378 440 224
308 301 210 287 280 78 228 148 324 70 34 264 160 248 300 203 112 108 78 100 72 184 198 168 200 57 36 119 80 135 28 91 96 11 50 90 48 28 42 5 12 27 16 10 0 6 14 18 24 15 12 42 16 9 10 33 60 39 56 60 48 153 126 133 120 189 154 46 240 175 156 81 84 58 120 186 256 297 238 210 144 333 114 117 120 205 210 172 176 360 138 141 288 147 500 255 520 424 270 165
45 220 215 210 164 80 390 228 111 72 175 340 165 160 248 180 174 196 216 26 25 120 23 154 147 60 171 90 34 112 120 98 26 96 22 20 90 56 56 30 20 36 30 10 1 0 3 10 24 12 25 48 21 56 45 50 44 36 52 28 105 16 136 180 57 140 105 88 138 72 75 234 189 224 174 90 279 256 165 170 245 360 333 304 273 240 123 420 258 44 405 460 235 96 294 200 357 52 212 270
460 135 264 129 294 328 120 78 304 148 288 70 68 66 320 186 240 290 168 243 208 175 144 69 88 147 160 38 162 136 96 135 14 78 84 22 60 54 24 14 30 45 16 21 6 9 0 6 18 30 12 50 12 28 48 72 20 11 120 13 98 45 80 153 144 171 200 63 154 207 72 50 208 81 28 58 240 93 128 297 102 70 108 185 190 312 320 410 336 430 44 450 368 235 288 147 400 255 208 424
282 46 315 220 215 378 287 400 234 304 148 288 140 170 198 128 93 120 290 84 216 78 125 216 69 220 126 180 190 54 85 144 105 14 91 72 66 80 45 40 35 60 45 20 6 2 10 0 2 16 6 24 40 54 21 48 27 100 88 108 39 28 75 48 170 18 57 40 63 110 23 72 250 260 27 252 261 30 93 128 297 136 175 252 111 228 156 280 410 336 430 44 360 230 188 96 147 300 510 468
96 470 92 315 264 258 84 123 120 78 228 37 108 175 68 297 192 217 90 87 224 54 208 100 72 161 154 84 40 57 108 153 144 15 56 26 108 55 30 90 32 63 54 35 32 3 20 9 0 7 14 21 36 40 18 63 32 45 60 55 12 78 98 135 16 153 180 152 40 84 88 69 24 75 26 189 280 145 150 31 64 33 340 350 252 111 342 195 40 287 336 129 220 225 138 376 288 196 250 204
294 192 376 46 225 264 344 168 164 280 117 228 296 36 280 306 231 160 124 270 174 84 216 260 125 72 161 88 84 20 38 72 51 96 105 56 52 12 88 60 81 80 7 30 45 40 27 6 2 0 9 4 9 28 40 12 70 48 9 90 55 12 91 84 135 160 85 180 57 140 63 132 138 72 75 234 216 224 290 210 217 96 165 272 245 216 370 114 234 80 410 126 43 88 405 184 235 240 196 50
500 49 336 47 368 90 352 129 210 369 400 78 114 111 72 315 68 66 96 279 30 232 280 54 156 250 72 23 198 21 120 152 180 51 160 45 112 26 60 33 60 54 32 63 12 5 32 9 10 1 0 9 4 30 36 25 36 35 48 54 50 33 60 130 140 105 112 68 108 38 160 21 176 115 48 225 182 135 252 145 120 248 256 132 272 35 252 185 190 39 40 164 294 215 176 360 276 282 336 245
459 50 245 144 235 46 90 132 129 336 410 400 78 190 185 252 350 204 66 64 310 60 87 168 54 52 100 216 230 220 210 120 190 180 170 16 60 56 78 36 22 30 81 16 28 18 20 32 15 14 6 0 2 12 30 4 20 24 35 72 27 20 88 24 13 42 105 80 85 180 19 40 84 110 23 240 150 26 216 84 116 90 217 96 264 272 105 216 74 38 39 400 123 420 258 308 90 276 282 288
104 51 250 147 432 376 230 225 396 86 126 246 120 156 304 259 360 350 306 66 128 155 240 261 196 108 26 100 240 161 154 126 20 38 18 17 80 105 28 78 48 77 20 81 64 70 60 15 16 3 4 9 0 9 12 18 8 40 30 42 8 72 10 33 12 13 140 135 16 153 180 95 80 63 220 23 168 225 26 243 140 174 300 279 128 33 238 315 252 74 342 39 400 410 378 301 264 450 46 188
318 416 51 150 343 480 376 322 90 264 43 420 164 80 195 38 296 108 35 306 297 256 62 90 203 252 216 260 125 96 138 66 147 100 190 54 68 96 30 112 65 24 77 70 36 32 28 48 20 24 21 20 8 0 8 8 6 12 45 54 42 8 27 40 110 12 26 56 15 128 102 162 95 80 21 88 230 144 150 208 270 168 58 270 31 64 231 238 35 144 259 76 351 360 328 294 86 176 90 230
108 530 156 51 150 196 480 94 414 180 220 172 210 410 400 273 380 185 108 245 204 33 192 217 60 29 112 81 78 125 120 207 66 189 120 57 144 136 96 120 56 65 36 66 80 9 80 56 42 15 28 27 12 3 0 9 20 27 28 10 24 7 8 18 30 22 48 39 126 105 160 85 18 95 20 63 132 138 216 75 260 216 168 87 30 279 64 198 340 175 288 185 304 156 80 410 420 129 176 360
275 270 530 520 51 450 98 144 282 230 135 176 43 210 410 280 273 228 296 252 105 238 132 256 31 150 145 140 27 260 100 168 184 88 189 80 95 54 153 96 15 14 104 24 33 30 9 72 35 30 5 36 3 20 10 0 4 14 30 8 30 42 63 24 36 20 22 120 104 140 120 32 153 18 171 80 42 22 23 72 200 208 135 280 232 300 155 224 330 170 35 360 259 228 312 200 164 378 258 264
168 55 108 371 312 255 400 343 192 282 184 315 132 86 126 410 80 312 114 111 36 210 136 33 160 62 120 261 280 27 78 250 144 115 220 21 120 152 108 102 32 150 84 65 108 110 30 54 8 28 12 25 36 6 16 8 0 4 20 21 16 20 60 21 32 72 40 11 120 52 140 90 64 68 162 57 80 210 22 115 48 25 234 270 280 174 270 31 32 66 170 105 324 74 266 156 200 287 378 215
570 56 385 378 159 416 510 450 245 144 47 230 90 352 172 294 287 200 78 152 111 216 70 34 99 320 62 120 58 140 162 52 50 144 23 88 84 120 171 18 119 80 75 112 39 12 110 70 72 64 7 54 20 8 27 10 8 0 3 16 12 8 50 18 63 48 36 50 77 84 91 42 135 128 68 18 133 20 84 66 69 192 250 234 108 140 232 270 93 288 132 170 105 108 333 342 78 40 369 294
290 57 168 275 486 265 520 357 500 98 288 47 414 270 308 86 336 246 320 234 266 74 36 210 340 99 160 124 90 87 28 243 260 200 240 23 88 147 60 152 36 170 32 75 98 52 96 22 70 63 56 35 48 40 28 30 18 10 0 6 2 24 16 30 24 14 56 63 100 22 84 91 56 45 16 34 126 19 120 147 66 46 72 225 78 81 84 203 300 248 256 264 340 210 180 37 304 273 280 287
531 116 114 448 275 54 530 416 102 250 490 144 47 368 45 176 344 42 369 320 234 304 185 288 315 204 99 192 186 210 145 28 243 26 125 192 207 110 84 140 19 108 119 160 135 42 117 108 33 30 54 16 70 54 5 28 24 16 9 0 7 18 6 36 50 6 7 32 36 20 66 72 117 140 135 96 85 36 114 60 189 22 46 192 225 234 135 168 290 120 93 128 99 272 280 36 222 266 273 80
480 413 406 513 56 550 216 530 520 153 350 49 336 47 138 450 308 344 210 287 40 312 38 259 72 350 68 297 320 217 180 87 56 135 130 125 96 23 66 147 100 38 162 102 96 45 28 13 24 88 90 63 32 70 48 15 4 9 2 6 0 6 14 18 28 50 54 35 80 27 80 110 84 65 70 90 64 17 180 133 200 105 44 69 216 225 104 162 252 145 240 186 64 198 34 35 144 222 380 273
61 180 472 58 285 560 550 108 530 260 357 300 490 240 282 414 360 264 301 168 410 160 351 380 148 144 35 238 66 96 124 270 29 140 81 208 225 120 46 66 84 200 95 54 34 144 75 98 117 48 55 40 36 16 7 24 15 4 12 8 2 0 8 4 15 32 50 54 56 64 81 100 88 120 39 84 75 48 34 54 57 100 189 88 161 168 75 260 270 196 87 240 31 64 231 238 70 180 37 152
62 610 60 590 174 513 392 330 216 424 468 204 300 392 288 470 184 135 440 129 378 82 280 234 38 74 288 105 238 165 192 217 30 203 224 216 260 150 96 92 176 189 100 38 54 136 80 30 28 91 72 11 20 54 8 63 24 45 8 21 8 2 0 8 16 6 40 35 54 42 16 36 90 110 84 39 126 90 48 17 144 38 60 84 88 115 24 200 234 243 112 174 180 248 224 33 136 105 180 74
315 434 549 420 236 58 513 224 550 162 106 52 408 250 441 96 235 46 180 440 43 84 82 80 351 152 333 72 280 204 165 320 279 90 58 140 54 234 25 48 161 22 168 160 152 18 17 48 15 28 91 36 22 50 63 64 7 48 5 12 12 10 3 0 7 16 3 16 40 18 42 8 81 20 88 72 39 84 135 96 102 72 38 60 126 198 184 72 125 26 216 56 145 240 124 320 66 34 140 360
384 189 372 488 480 413 174 342 448 385 216 106 52 306 350 98 240 423 460 270 44 258 42 82 120 156 380 37 108 245 306 297 96 217 180 261 140 81 130 25 144 161 132 21 20 19 108 119 32 45 112 13 72 110 20 54 80 42 18 15 4 9 10 8 0 3 16 30 4 30 36 42 48 9 20 77 84 104 112 60 64 34 18 171 20 168 110 230 96 225 234 54 196 261 270 186 64 297 136 245
325 640 378 434 61 60 295 116 342 504 165 324 53 520 102 300 294 480 376 230 225 132 344 210 123 40 156 114 111 180 280 68 330 256 155 90 87 28 27 260 25 192 69 132 84 180 76 18 153 144 135 70 130 48 88 100 81 8 14 12 30 32 24 8 7 0 1 6 12 12 25 6 42 64 45 50 66 36 104 84 120 96 17 54 19 180 42 154 69 168 150 130 270 84 87 240 217 32 99 102
396 130 448 441 310 610 360 177 406 285 448 385 216 212 364 510 200 147 96 470 276 450 308 344 168 369 200 390 152 333 324 210 68 132 32 93 210 87 280 270 208 200 240 46 176 63 80 171 108 170 144 135 56 26 60 88 40 9 40 42 30 20 12 24 12 4 0 3 16 21 28 10 42 7 80 90 30 88 24 65 70 90 112 119 90 133 160 168 66 115 240 150 182 27 140 87 150 155 96 33
469 132 585 640 315 558 183 420 413 58 570 504 440 162 424 468 408 50 245 384 94 460 90 308 86 336 246 160 273 228 74 252 210 306 66 288 31 120 203 56 243 26 75 96 161 44 147 80 76 126 153 128 135 84 52 72 11 80 81 8 35 48 45 16 18 18 5 0 1 12 18 36 30 48 28 48 36 50 66 120 91 112 45 64 136 180 133 200 126 176 138 24 75 208 189 252 29 300 93 192
476 335 264 65 448 189 620 183 240 472 232 171 504 165 432 159 52 510 50 392 144 188 322 180 352 129 210 287 160 117 114 74 288 175 340 264 288 248 90 232 252 54 78 150 240 23 44 210 140 133 180 17 144 90 70 130 72 99 10 90 24 28 18 40 4 12 16 6 0 1 12 3 16 50 36 14 64 81 70 55 96 104 42 90 64 17 54 133 140 147 44 138 168 75 234 27 224 290 60 217
345 68 469 462 325 64 441 372 305 60 295 522 171 56 220 324 53 104 357 250 196 48 188 368 90 264 258 420 369 360 117 380 37 324 175 136 297 160 93 150 290 252 243 156 100 96 23 132 21 120 171 180 119 64 105 70 26 72 77 40 63 16 28 54 20 12 12 2 9 0 9 2 6 24 40 42 28 64 54 30 33 120 52 84 90 32 51 144 19 40 84 220 138 96 125 104 27 252 87 120
350 483 340 201 66 390 256 252 620 488 600 177 522 57 504 550 432 371 520 357 50 245 96 470 92 270 440 387 294 205 280 351 304 370 288 210 238 33 128 31 240 232 168 135 104 250 96 46 66 147 20 57 162 68 128 135 140 91 36 55 40 81 64 21 42 15 28 3 16 2 0 3 18 21 16 20 18 56 80 45 90 99 96 65 126 90 64 68 126 38 200 210 154 23 24 75 104 189 112 145
639 350 345 544 268 330 195 576 630 124 427 540 413 290 456 168 550 378 530 468 357 400 245 432 376 230 180 88 301 126 205 80 351 304 259 288 175 238 264 64 248 210 145 84 162 260 125 240 161 176 105 200 152 72 51 112 150 126 130 12 88 50 63 72 7 30 35 8 15 20 10 0 9 6 15 4 50 6 35 48 63 40 66 12 91 84 150 144 102 108 190 80 147 132 207 72 50 26 162 224
432 284 210 138 408 201 660 650 192 126 496 122 180 472 58 228 224 275 108 159 468 102 100 196 432 423 46 135 88 301 84 205 200 195 76 296 108 280 306 198 96 186 90 261 196 270 182 175 192 69 220 126 160 57 54 85 64 105 126 39 108 55 30 90 16 7 24 45 12 30 6 10 0 10 16 30 32 15 60 63 16 36 100 44 72 78 140 105 112 102 144 57 100 147 44 230 168 225 234 81
657 360 710 630 276 476 670 660 520 192 567 558 549 480 236 232 456 168 385 324 265 104 510 400 49 240 470 138 225 264 387 378 287 360 156 38 259 72 280 306 264 64 155 180 58 196 243 156 125 192 230 198 63 60 76 180 153 128 45 140 130 84 99 40 18 24 49 36 5 12 9 14 9 0 7 20 21 40 35 60 63 24 36 70 77 72 39 56 135 128 102 180 133 60 210 22 46 96 175 182
740 73 288 71 280 621 544 134 462 130 256 378 372 549 360 295 464 456 336 550 162 159 416 51 300 294 192 470 46 225 88 301 126 369 240 39 304 111 360 315 102 99 192 93 90 174 84 243 208 200 144 46 22 147 100 133 72 153 80 60 28 117 96 88 10 72 40 49 12 5 28 21 14 1 0 4 10 6 32 50 36 35 32 81 30 99 96 26 112 15 128 153 126 133 180 168 176 184 168 25
75 518 146 72 71 210 621 136 67 594 520 256 189 310 549 540 472 580 57 448 275 486 318 468 102 350 49 432 470 414 405 308 301 420 287 360 390 76 222 180 280 306 66 288 248 300 145 112 189 130 50 168 184 44 63 120 171 90 119 128 135 140 117 60 77 50 18 64 63 6 45 28 12 14 5 0 1 12 24 28 25 36 42 24 45 100 88 36 13 98 150 144 68 108 38 120 126 220 92 144
152 75 370 657 576 497 560 69 408 335 330 130 320 378 372 366 300 531 580 228 392 440 108 212 468 153 500 343 288 141 184 405 176 129 84 41 80 312 304 111 36 350 272 165 256 310 60 29 140 81 104 200 216 92 44 105 60 19 126 51 48 90 98 65 84 22 20 72 8 63 54 50 28 27 12 3 0 7 4 15 24 45 6 21 32 90 100 11 84 65 98 105 144 119 126 171 200 147 154 138
154 760 525 444 73 216 284 210 345 204 402 66 455 640 441 372 305 120 118 232 399 280 330 216 159 468 102 50 98 240 329 322 450 440 172 84 41 40 273 76 185 144 210 102 99 192 186 180 87 84 135 234 225 120 23 88 42 180 152 108 136 96 90 14 26 84 77 30 18 40 7 54 35 40 18 10 7 0 7 20 3 4 10 48 35 40 54 50 44 108 104 84 150 144 170 180 114 60 42 44
156 77 228 525 740 511 576 639 490 690 204 134 462 585 256 378 124 427 60 295 522 228 280 110 378 318 468 153 200 147 480 470 46 225 352 215 420 82 200 39 114 259 36 175 68 297 128 124 150 232 84 162 260 100 216 115 220 147 40 76 108 68 144 75 98 39 120 55 40 45 48 49 12 35 36 30 20 3 0 6 10 6 16 35 36 21 24 18 20 22 108 39 70 90 80 136 54 133 20 147
79 624 154 152 375 666 730 360 284 210 276 204 335 528 260 128 189 496 488 420 177 406 114 56 550 270 318 364 255 200 98 336 282 460 135 396 258 42 246 120 78 38 148 324 70 170 66 64 31 300 203 168 81 156 225 144 184 132 147 140 171 108 68 128 120 56 13 84 33 30 72 16 42 18 5 16 15 16 9 0 9 16 30 40 10 24 35 64 45 90 11 60 52 14 30 16 136 162 133 60
480 158 390 539 304 300 444 292 648 639 420 276 680 603 660 130 192 252 558 366 480 295 58 456 56 55 540 318 156 306 100 245 192 235 322 45 396 86 42 369 80 195 342 148 108 105 204 297 128 248 240 87 56 27 130 250 168 92 22 42 20 19 54 85 128 75 14 130 24 22 80 27 16 42 6 15 8 21 20 4 0 10 10 6 16 50 24 28 56 9 60 33 108 130 42 120 144 85 126 114
405 640 790 468 539 684 225 148 292 216 71 70 69 476 469 264 455 448 504 124 610 420 295 464 456 224 330 162 371 208 408 400 98 480 282 138 135 396 86 336 123 200 195 304 222 36 280 272 198 128 31 300 174 280 54 156 150 240 69 220 42 20 19 36 85 96 15 112 78 120 33 60 63 56 28 6 30 12 12 14 10 0 10 18 3 16 45 54 56 40 9 40 33 96 78 98 60 128 153 162
820 810 320 79 234 616 228 450 296 219 720 426 350 138 136 603 198 65 640 630 186 305 480 295 174 513 392 550 378 530 208 459 150 147 288 282 184 45 220 430 84 246 120 117 76 37 324 105 34 66 256 279 210 29 56 81 104 200 192 207 154 189 40 76 126 34 32 90 70 65 84 66 10 9 16 28 6 5 8 24 4 1 0 10 6 21 8 40 54 28 16 18 40 55 48 65 84 15 48 68
664 574 567 480 395 702 154 608 675 222 365 720 355 560 690 680 67 660 195 192 378 186 366 420 472 522 57 392 330 324 212 52 408 150 294 288 94 230 45 220 344 84 123 80 312 152 148 180 35 136 231 32 31 240 232 140 81 260 125 192 115 44 63 80 38 108 68 48 30 14 13 12 33 20 9 80 70 12 30 40 6 4 10 0 8 4 3 16 5 48 35 72 36 30 66 84 26 126 60 128
168 332 164 324 160 237 390 231 304 300 592 292 720 497 700 138 612 201 660 130 320 126 124 183 540 118 580 114 560 55 324 424 364 357 300 294 432 423 276 360 44 86 378 164 200 195 266 111 108 70 204 165 32 62 300 145 56 108 234 175 192 184 176 21 200 57 180 102 80 15 98 26 24 99 60 9 48 28 18 45 24 21 18 4 0 7 20 21 4 25 48 14 72 18 50 66 36 91 70 30
425 756 664 492 324 560 395 312 770 608 450 592 292 360 284 700 138 544 67 462 130 128 504 620 305 360 413 406 456 504 495 324 477 52 408 350 294 240 94 138 180 220 215 294 369 80 117 266 185 144 70 238 66 256 217 30 58 112 270 208 200 144 207 132 84 160 95 126 34 64 60 28 117 24 99 80 63 24 35 12 5 8 15 14 8 0 10 20 24 16 30 6 7 56 72 100 55 84 78 56
516 255 336 332 656 162 800 632 468 308 76 375 666 511 288 639 560 276 612 201 330 455 256 504 124 61 480 472 464 570 392 110 540 318 312 510 250 245 240 376 460 90 220 86 336 41 240 312 380 185 288 280 136 66 224 62 150 174 280 81 52 225 96 138 110 105 160 76 180 17 64 90 126 13 84 110 30 45 64 28 12 15 16 6 4 5 0 9 2 24 36 10 18 70 16 90 20 44 48 13
783 602 850 420 249 656 567 480 711 624 539 380 150 222 584 432 355 210 483 136 536 528 260 384 315 434 122 120 118 348 285 448 220 216 371 260 357 450 245 432 141 184 360 44 387 294 246 160 390 342 370 144 210 204 330 192 217 300 203 112 81 260 25 192 23 220 126 20 38 180 17 128 150 112 13 84 77 80 27 24 56 60 15 28 9 4 6 0 3 6 21 32 15 54 28 64 72 50 33 84
352 696 602 255 588 664 246 405 160 395 390 616 760 750 296 292 216 355 70 207 68 603 462 455 320 126 310 122 360 531 174 171 112 55 270 212 364 102 500 343 336 470 230 45 88 172 336 246 400 39 228 148 72 315 102 132 256 186 150 145 28 135 260 225 120 69 44 21 20 38 36 17 112 90 84 65 60 22 20 36 48 49 18 25 4 6 2 9 0 10 8 9 8 45 48 28 32 45 30 11
89 352 348 602 595 840 664 492 324 160 79 624 154 532 675 296 511 432 639 140 552 476 536 66 130 320 441 186 610 60 354 232 399 168 165 378 424 416 51 200 490 288 282 368 45 88 172 168 82 120 156 152 333 360 315 204 198 64 93 90 232 252 270 208 100 192 69 66 63 60 19 72 170 16 90 42 26 48 11 30 36 64 63 42 50 16 6 4 3 0 8 18 6 36 50 54 14 48 9 30
810 267 528 696 344 595 756 747 574 162 240 632 702 308 152 300 666 292 576 568 350 69 136 268 66 195 576 315 372 366 180 59 116 285 336 275 162 371 416 459 300 147 144 282 184 180 132 301 210 246 400 156 380 222 360 35 204 198 320 310 240 174 280 162 26 225 24 184 88 168 200 190 144 119 64 90 140 52 72 99 100 27 80 42 24 25 24 30 12 6 0 1 12 21 28 40 24 28 56 18
364 450 534 616 522 430 85 672 830 738 162 480 632 234 231 608 375 444 219 144 355 490 138 680 402 462 390 192 378 620 610 60 59 348 570 280 550 270 106 260 357 400 98 480 329 184 225 352 86 168 41 80 117 114 148 36 315 102 198 64 124 90 174 280 270 260 50 24 207 132 189 200 114 108 85 128 135 70 26 48 110 80 9 40 21 24 45 28 6 8 5 0 7 14 15 28 10 24 49 8
828 364 360 801 792 696 860 680 672 581 164 405 720 553 624 385 684 675 740 438 432 142 560 483 136 67 594 520 512 126 248 244 420 472 232 114 504 330 486 53 260 51 200 98 384 141 368 360 352 172 84 287 40 234 114 370 72 35 68 66 320 31 240 290 140 216 182 125 96 138 132 42 40 152 144 34 64 15 112 130 48 66 20 90 48 7 30 40 16 27 10 2 0 2 10 30 32 20 42 56
651 276 91 630 178 264 696 516 85 840 664 656 648 240 237 624 231 608 300 740 511 648 639 490 138 612 268 264 390 256 315 496 305 540 295 406 399 280 330 432 424 520 357 350 392 192 188 138 180 264 172 336 287 360 390 38 259 180 140 68 264 288 279 240 145 252 81 234 100 144 184 154 105 100 152 180 119 80 45 14 39 84 66 40 36 40 28 42 20 4 6 20 8 0 8 12 21 28 40 24
564 558 92 728 540 267 352 522 688 680 84 332 574 405 480 474 234 231 456 525 592 73 504 639 490 483 544 469 66 195 448 315 558 366 360 59 348 228 56 495 54 530 468 51 150 343 240 470 46 135 352 387 420 82 320 156 114 333 360 280 136 132 288 279 120 145 168 243 156 50 24 207 110 147 180 133 180 17 160 105 112 26 12 55 30 9 56 42 12 45 12 9 12 4 0 10 2 9 40 45
665 564 186 828 819 90 445 352 174 774 765 756 166 820 729 720 158 546 616 684 150 74 438 648 497 140 207 340 469 594 455 640 441 620 549 300 236 290 57 56 110 540 265 260 510 200 294 384 235 46 135 88 387 294 123 160 156 304 222 36 35 238 264 128 310 60 29 28 189 130 50 72 46 198 168 160 171 36 17 64 15 42 39 36 88 60 90 24 63 24 10 16 27 4 10 0 10 2 12 24
768 855 188 279 828 546 450 267 352 348 172 765 672 332 246 243 160 237 468 308 380 600 518 146 648 426 70 69 204 536 594 325 64 441 124 183 600 413 406 513 504 275 540 53 208 153 400 392 432 470 230 45 264 172 336 82 200 78 38 111 216 315 68 297 256 248 150 290 280 108 104 225 240 92 198 189 120 76 18 17 64 75 56 104 108 11 40 63 32 28 48 50 40 6 4 1 0 5 20 6
485 192 380 846 465 552 819 450 534 176 870 430 850 588 581 82 567 640 158 624 77 684 225 666 292 432 284 490 345 136 670 396 390 640 378 186 427 300 236 348 513 336 220 108 159 52 357 100 245 432 188 414 360 220 430 84 246 160 117 228 148 144 140 272 330 224 186 300 29 28 270 78 150 192 23 132 147 140 190 18 34 48 135 14 117 36 77 70 45 72 70 6 10 12 12 18 3 0 7 16
490 194 864 570 470 186 184 546 900 623 704 261 688 170 588 415 82 162 80 158 780 616 228 525 444 511 648 639 350 138 680 603 660 325 320 504 372 366 600 413 348 513 168 165 54 530 364 204 200 441 432 423 184 405 88 172 210 123 280 351 76 37 288 70 272 231 96 124 300 58 84 243 156 175 168 230 198 126 200 95 36 119 144 120 56 130 60 110 70 45 56 21 24 5 16 15 20 8 0 2
396 882 194 96 475 376 279 92 546 900 712 440 87 516 340 840 332 656 81 320 395 702 539 76 750 148 584 216 639 140 621 68 469 132 520 128 63 620 183 300 472 406 57 112 165 162 159 520 51 400 147 192 47 276 360 44 215 420 82 40 312 76 333 324 315 272 297 64 155 300 232 168 243 130 125 240 161 198 168 60 171 126 102 16 30 70 52 12 110 20 27 64 56 18 5 36 21 14 6 0
