60 3622
0 5 2 9 4 20 24 28 32 18 10 44 12 52 56 75 16 68 54 38 100 21 66 23 24 25 130 27 112 58 120 31 160 66 136 140 180 74 114 78 80 164 126 43 176 225 46 94 144 49 150 255 208 265 108 165 168 285 232 295
4 0 1 8 6 16 20 12 21 40 27 10 44 60 13 28 75 64 51 72 19 80 21 66 115 120 125 104 54 56 145 60 31 64 165 170 70 144 185 114 195 120 164 126 215 220 45 184 235 96 245 250 102 208 53 216 165 280 285 116
10 4 0 3 8 9 4 25 30 35 40 27 40 55 12 26 28 75 80 34 18 95 60 21 22 23 24 100 26 81 56 87 30 155 64 99 102 35 72 74 114 195 80 123 126 172 132 180 184 47 48 147 200 153 208 106 162 55 168 285
6 10 4 0 2 2 12 8 5 12 28 40 36 50 22 60 52 28 75 16 68 90 57 80 21 66 46 48 25 78 27 28 87 90 62 128 165 102 70 36 185 38 195 80 205 168 86 220 225 46 188 96 147 50 102 260 212 270 110 224
4 12 6 5 0 1 6 15 16 15 6 14 16 27 50 22 36 52 28 45 16 68 90 57 100 84 110 46 24 25 26 54 56 58 150 62 96 99 170 175 108 111 114 117 40 123 84 215 176 90 230 235 48 147 50 204 52 212 108 110
15 4 15 10 4 0 5 10 6 20 5 18 21 24 45 50 11 48 39 14 15 48 17 90 19 20 84 22 23 48 50 130 108 56 29 120 62 64 66 34 140 144 185 114 195 120 164 126 43 88 135 46 47 48 147 250 153 208 212 162
24 5 4 9 10 4 0 3 4 15 20 20 18 21 16 45 20 33 24 26 42 15 48 17 72 19 100 63 44 92 72 25 78 54 84 145 90 62 96 33 170 175 180 185 38 78 80 41 84 172 44 135 230 47 48 49 50 153 156 212
28 12 5 20 9 2 5 0 2 4 6 12 15 6 35 40 27 20 22 24 65 14 45 80 85 36 38 60 84 110 46 24 50 78 27 112 116 150 93 160 132 170 140 36 148 114 78 120 164 42 172 220 45 46 141 240 98 250 102 104
24 21 24 25 16 6 10 1 0 4 2 6 20 15 30 28 16 18 30 44 48 26 56 45 80 85 54 38 20 21 110 69 48 125 52 81 84 87 150 93 64 132 170 35 36 185 190 195 160 82 84 129 176 90 230 47 192 196 150 204
45 16 35 6 25 4 9 2 3 0 2 10 3 16 10 24 28 32 18 30 44 24 65 56 30 16 68 90 95 80 21 66 69 48 100 130 27 56 145 120 155 32 33 170 70 108 74 76 117 80 205 84 129 132 225 138 188 96 245 150
40 36 8 14 30 20 8 9 2 1 0 5 2 15 12 10 6 35 24 45 30 44 60 39 70 45 16 17 72 76 60 63 110 92 72 125 104 27 112 116 60 155 32 99 170 175 72 148 190 195 160 123 84 172 220 225 92 141 240 49
44 50 36 32 21 30 25 4 12 4 3 0 4 4 12 12 10 6 35 8 27 30 44 60 39 28 60 48 68 36 76 100 21 66 115 24 125 104 27 84 29 120 31 64 165 68 35 144 111 190 117 80 205 84 86 132 135 46 47 240
36 44 50 45 8 14 18 25 12 9 10 2 0 5 8 6 16 15 30 21 16 27 50 22 12 65 56 45 64 34 54 38 20 42 110 92 120 50 130 81 112 145 60 62 64 132 102 105 144 74 38 78 120 41 42 86 176 135 184 47
26 12 11 50 9 16 7 24 25 20 12 6 3 0 5 4 3 8 20 12 28 32 36 20 22 24 39 56 75 80 68 36 76 60 63 88 115 24 50 26 27 28 29 120 93 128 165 102 70 144 74 76 39 40 164 84 215 44 225 184
42 26 12 44 30 9 8 35 6 25 8 3 6 1 0 1 4 3 16 10 18 14 32 36 30 33 36 26 28 15 80 85 36 57 80 105 110 115 24 75 130 108 140 58 150 124 32 99 170 35 108 74 38 78 40 82 168 43 44 45
75 56 65 36 11 30 9 16 35 6 20 8 12 8 1 0 3 2 9 12 5 18 7 32 9 30 33 24 39 56 15 48 17 72 38 100 105 44 69 72 125 104 135 112 29 60 124 160 165 170 175 180 37 114 78 80 123 168 215 132
16 60 42 26 60 11 10 27 40 21 24 15 12 9 6 3 0 5 2 15 4 10 18 21 24 45 10 44 36 52 56 45 64 17 90 19 40 21 110 92 120 75 52 135 84 87 90 124 96 132 170 105 180 185 76 39 80 123 84 215
34 16 30 56 65 12 11 50 27 8 14 18 5 20 15 2 1 0 2 10 12 4 25 18 28 24 18 20 55 48 26 56 60 48 85 36 76 20 63 88 46 24 125 104 135 112 29 120 155 160 165 170 140 36 111 152 39 80 123 42
90 17 48 75 42 65 60 55 30 45 32 35 30 20 20 15 6 4 0 2 10 12 20 10 30 14 24 9 40 55 12 39 56 60 48 17 18 19 20 84 66 92 72 75 104 81 112 116 30 124 96 66 136 70 36 74 114 117 80 205
57 72 51 80 45 56 39 48 33 40 18 32 28 24 5 4 6 4 2 0 1 2 9 8 20 6 28 16 9 10 44 60 13 70 30 80 68 54 19 20 105 88 23 72 75 52 108 28 58 30 124 32 132 102 175 144 148 38 195 160
20 38 72 85 32 30 70 39 48 55 30 36 40 14 30 15 16 3 2 3 0 1 10 12 12 5 12 35 24 27 20 44 24 26 42 30 64 85 90 19 100 105 110 46 96 75 78 108 84 87 120 62 128 99 170 140 72 111 76 195
42 100 76 90 34 16 75 42 65 24 22 30 45 32 28 18 5 8 6 6 2 0 5 2 15 8 5 12 35 16 45 50 33 48 39 14 15 48 85 36 19 40 63 66 69 120 125 104 27 28 87 90 62 32 99 68 175 36 111 38
22 21 60 57 36 51 80 15 42 13 12 22 40 27 16 7 18 15 4 15 6 1 0 2 10 9 16 5 30 35 40 36 50 44 60 52 42 30 48 85 36 19 100 105 22 46 48 50 104 81 140 29 90 155 96 165 102 140 72 148
23 66 21 100 57 90 85 80 75 14 65 36 44 20 18 8 35 12 10 16 9 6 3 0 2 8 12 16 5 30 14 24 27 50 11 60 13 28 60 80 17 72 19 80 105 88 69 72 100 104 135 112 29 30 124 32 33 34 35 180
48 115 110 63 100 57 90 51 64 30 70 26 12 55 30 18 8 7 18 20 12 9 2 5 0 4 8 9 12 15 24 14 40 45 20 11 36 13 70 30 80 68 54 19 100 21 88 46 96 50 104 54 28 58 90 93 64 132 136 105
100 48 92 88 84 100 19 90 68 48 30 28 13 48 44 10 9 8 14 24 20 20 9 4 2 0 1 6 3 16 20 12 35 32 9 50 22 48 26 28 45 32 17 90 95 40 42 88 115 24 125 52 108 56 29 150 62 160 165 170
26 50 96 92 22 105 20 76 18 85 16 60 14 65 24 11 10 27 32 21 24 10 20 6 10 3 0 4 10 12 20 10 24 28 16 36 30 33 24 39 70 45 32 85 18 57 60 42 66 69 72 75 104 81 140 116 30 62 64 99
54 52 25 120 115 110 42 100 76 36 85 32 75 56 52 24 11 10 18 8 7 24 20 16 6 10 5 0 5 10 3 8 20 12 21 16 36 30 22 24 39 28 45 64 85 54 19 100 63 44 92 24 75 130 135 28 145 90 124 96
140 27 26 75 48 46 22 21 80 95 36 34 80 75 56 13 24 44 50 18 40 21 6 5 8 15 8 4 0 5 4 9 4 10 30 35 16 36 30 44 48 39 56 15 32 34 90 19 80 21 88 46 96 125 78 54 28 29 30 124
116 56 54 130 125 48 115 88 105 60 38 36 51 80 15 42 13 48 11 50 18 16 21 24 5 20 15 2 5 0 1 8 15 20 15 24 21 24 36 10 55 48 13 56 45 80 51 36 95 100 105 66 23 120 75 104 108 140 29 150
150 29 28 135 130 25 24 69 66 63 100 19 54 85 16 60 14 65 48 33 50 45 8 14 18 15 8 6 10 2 0 1 8 9 20 20 18 21 24 45 30 11 12 26 42 60 80 51 90 95 20 21 44 69 96 25 52 81 140 87
62 60 29 84 108 26 125 72 46 110 21 100 57 54 51 80 30 14 52 36 11 10 27 32 14 30 5 20 15 8 2 0 2 2 15 8 25 30 7 24 36 20 11 36 52 42 75 48 34 18 19 80 21 44 69 120 25 26 54 28
160 62 30 145 56 54 104 75 48 92 110 63 60 76 18 34 80 30 28 65 36 55 40 45 32 21 6 20 4 3 10 5 0 5 6 9 4 20 12 35 32 45 50 55 60 52 70 75 64 85 72 38 60 105 66 115 96 125 130 81
99 96 31 150 29 112 108 78 50 120 92 44 84 60 38 72 68 16 15 42 13 36 55 10 27 32 7 18 15 12 15 2 2 0 3 2 3 8 15 24 35 24 18 10 22 60 65 42 45 48 68 72 95 80 21 44 92 48 125 26
170 66 64 62 120 116 56 135 52 75 72 23 66 84 80 38 36 17 48 60 70 39 60 44 30 45 8 35 18 25 12 12 2 3 0 4 2 15 8 25 18 28 24 18 10 11 60 65 70 75 32 34 54 19 20 42 22 23 96 25
35 34 33 32 155 90 87 28 135 26 125 48 92 44 63 60 95 90 85 48 30 28 26 48 11 20 45 32 7 18 15 16 3 2 5 0 5 2 6 8 10 12 21 8 9 30 22 12 52 28 30 16 51 54 19 100 21 88 46 48
72 35 34 66 32 31 30 58 84 81 130 100 48 23 66 42 60 57 54 68 80 60 56 13 48 22 40 27 16 35 6 10 4 12 6 5 0 3 6 12 16 15 18 21 32 36 50 11 36 26 42 30 48 85 36 95 40 42 88 46
74 72 35 170 99 64 93 90 58 84 108 78 25 96 46 110 63 80 19 36 51 16 30 56 65 12 11 20 27 24 35 18 25 12 9 2 2 0 1 6 15 8 5 12 21 24 45 40 22 36 13 28 45 80 17 36 19 40 42 66
190 111 72 70 68 33 96 155 150 145 140 135 130 100 96 115 110 84 40 95 54 34 64 15 42 26 24 22 20 18 8 14 24 15 8 3 6 1 0 2 4 3 16 10 30 21 16 45 10 22 36 52 70 15 16 51 72 95 60 42
156 38 185 108 175 102 165 96 155 30 116 84 108 26 75 24 69 22 42 60 38 54 51 48 45 56 52 12 33 20 27 8 7 24 20 20 6 6 3 0 4 10 9 20 15 12 21 16 27 10 44 36 65 70 30 64 68 36 76 40
40 78 38 37 36 175 170 132 160 124 90 145 56 135 104 100 24 92 110 105 80 38 90 85 48 15 42 39 48 22 50 27 8 28 18 10 8 6 8 1 0 5 6 6 20 20 24 7 40 18 50 11 48 26 70 30 64 68 18 57
123 80 78 114 74 72 175 170 99 64 155 120 116 112 135 130 75 48 115 110 105 60 95 36 51 32 15 42 13 48 44 50 18 40 28 24 25 16 9 4 1 0 1 2 15 16 10 24 28 16 36 40 55 60 13 70 30 80 68 72
168 123 120 78 190 111 72 35 170 33 32 155 60 116 84 108 78 25 96 23 88 63 80 76 54 85 16 30 56 65 48 55 40 45 16 21 12 15 8 15 4 2 0 4 4 3 4 20 6 28 16 27 50 33 36 52 14 60 64 68
129 126 205 160 117 114 74 36 140 68 132 64 124 30 145 28 135 78 75 96 115 66 105 60 95 90 68 48 60 56 65 24 22 20 45 16 35 12 5 12 15 2 3 0 1 6 9 12 25 30 28 16 27 20 33 48 52 28 15 64
132 215 210 82 80 39 190 111 144 70 102 33 128 31 90 29 112 54 26 125 48 69 44 84 80 57 90 85 48 30 28 26 24 55 20 18 8 28 30 25 8 12 4 3 0 3 10 6 4 15 12 14 16 36 50 44 12 13 28 75
180 220 86 84 123 80 117 114 37 144 140 34 165 128 62 60 58 28 81 26 75 120 46 22 21 20 76 54 17 64 75 70 52 36 22 40 27 24 28 24 20 12 15 4 2 0 2 4 6 4 10 24 28 40 36 50 11 12 26 70
46 45 176 129 168 82 80 117 152 111 180 35 170 132 64 155 90 145 28 81 26 50 24 92 44 21 60 38 36 51 16 60 14 52 12 55 40 9 32 35 30 25 4 6 10 4 0 5 8 6 20 20 24 21 32 9 10 22 60 65
141 46 45 132 43 84 41 200 39 38 185 144 70 34 99 128 155 30 145 112 135 78 100 24 115 22 63 100 76 72 34 48 45 56 52 60 11 30 45 16 28 24 15 20 15 4 3 0 4 8 15 20 20 24 14 24 9 10 22 48
48 141 138 135 220 129 84 41 200 78 152 37 144 140 170 99 160 93 60 29 140 54 78 125 24 92 66 21 60 95 18 85 64 15 14 39 60 55 50 36 8 35 24 25 12 15 2 2 0 1 10 3 4 5 30 35 24 18 20 55
98 96 94 46 225 132 215 168 123 200 78 114 185 72 35 170 99 32 31 120 145 84 108 104 100 24 46 44 21 80 76 54 51 80 30 28 26 24 11 30 9 32 21 12 10 12 6 10 4 0 4 10 3 16 15 18 21 16 18 40
50 196 192 235 46 90 88 172 42 123 200 156 76 185 108 35 68 66 128 155 30 58 112 81 130 125 96 92 110 84 20 76 36 68 32 15 42 52 60 44 10 18 40 21 24 25 16 9 10 1 0 2 10 15 12 5 30 7 24 36
153 50 147 96 47 184 180 44 172 210 82 200 156 152 74 180 35 136 33 128 155 30 58 28 108 26 75 120 23 66 21 20 19 18 85 48 45 42 13 60 44 50 27 24 14 18 25 8 9 10 2 0 2 6 9 20 15 18 35 8
208 153 100 98 96 94 46 135 176 86 84 82 200 195 38 111 144 70 68 33 128 62 120 29 84 54 78 125 96 69 22 21 20 38 18 85 64 75 56 13 60 22 40 36 40 7 12 5 8 9 4 5 0 3 6 9 12 15 18 7
53 52 204 50 98 48 141 184 135 44 86 42 82 40 78 76 185 180 35 136 33 160 62 120 58 140 27 52 50 24 23 44 63 100 19 90 85 48 30 56 13 60 33 30 27 40 28 24 25 20 15 8 3 0 2 8 15 16 10 30
108 265 52 255 50 147 96 94 138 180 44 172 210 164 200 39 38 74 180 140 170 132 160 93 150 29 56 54 78 100 72 115 22 105 60 38 90 85 80 30 28 13 24 44 20 9 32 21 6 10 4 3 10 4 0 2 4 15 16 5
220 108 53 104 153 250 196 192 235 138 180 220 86 168 123 160 117 152 185 72 140 170 33 64 155 90 29 28 108 130 100 24 92 22 42 80 57 90 17 48 15 42 65 60 55 30 18 40 14 24 15 16 6 8 4 0 5 6 3 12
168 55 270 53 156 255 100 98 144 47 92 180 132 172 168 164 40 195 152 185 36 35 34 33 96 31 90 87 56 135 104 125 72 23 88 63 40 38 54 17 16 60 70 26 48 22 20 18 8 28 6 10 12 3 8 5 0 5 4 3
228 112 165 270 212 104 51 250 196 192 188 230 180 132 172 126 205 40 39 152 148 72 140 68 165 160 155 150 145 56 81 104 100 72 69 88 84 100 76 54 34 48 75 70 65 24 33 10 9 24 28 12 15 20 9 8 1 0 4 2
116 114 56 220 54 106 52 51 200 245 192 47 46 135 44 215 168 82 120 195 152 37 108 105 136 132 96 31 60 116 140 81 104 100 96 115 66 42 40 19 54 51 64 15 70 39 60 22 20 9 40 14 24 10 12 15 10 2 0 3
118 116 228 224 220 162 53 260 51 50 147 96 94 92 180 176 215 210 123 160 195 114 148 108 35 170 165 32 62 150 116 56 27 26 25 24 46 66 42 80 76 90 85 48 45 70 52 12 44 40 18 8 21 12 25 4 12 2 3 0
0 10 16 18 40 5 54 42 56 9 100 88 24 91 98 30 160 17 18 171 200 147 132 69 168 25 78 135 252 290 210 93 320 264 170 350 360 185 38 273 360 410 294 129 264 135 368 329 480 441 150 459 104 530 540 550 392 285 406 472
1 0 3 10 21 20 10 30 7 16 18 80 33 96 52 56 15 64 34 36 38 20 210 44 23 120 175 78 162 56 29 210 310 320 132 102 315 360 296 114 234 400 287 378 430 132 270 414 94 48 49 500 255 104 424 108 55 56 285 522
10 10 0 5 16 21 8 20 30 21 72 81 10 66 96 26 98 45 80 34 108 95 80 126 220 69 216 100 260 27 112 232 180 93 224 198 238 350 288 74 190 39 360 205 378 258 176 180 184 188 336 294 250 51 416 477 162 385 448 114
27 10 2 0 2 14 21 12 10 48 63 32 27 40 55 72 78 84 75 160 51 18 76 100 168 220 207 24 150 26 81 112 145 120 62 224 198 204 140 72 37 266 234 400 246 294 258 440 225 322 470 240 294 500 102 364 212 540 440 336
20 3 4 10 0 1 6 30 16 45 48 35 56 63 100 11 24 91 42 150 64 136 126 152 40 147 66 184 96 125 234 27 140 145 90 155 288 165 272 105 252 222 342 234 160 205 42 215 396 450 230 376 240 245 150 255 260 318 162 275
35 32 24 6 7 0 2 20 12 24 5 54 35 8 63 20 110 72 39 14 90 64 170 108 171 140 84 198 46 24 150 26 216 28 87 150 310 128 231 170 105 36 37 304 273 360 82 294 215 308 45 184 282 336 490 500 408 520 212 540
54 10 24 21 6 4 0 8 4 21 28 20 30 7 40 9 50 22 36 130 70 120 112 85 36 95 20 168 66 115 216 100 78 27 196 261 30 310 288 165 34 245 216 74 190 117 400 164 84 129 440 315 414 470 48 196 350 51 52 477
49 60 15 4 21 14 4 0 4 4 30 32 45 54 42 40 36 90 110 60 91 56 75 160 85 54 95 120 210 110 207 96 100 234 27 56 116 150 93 192 132 102 35 360 148 266 195 200 164 210 301 44 45 138 376 336 245 300 357 312
80 28 30 25 20 24 20 3 0 6 6 21 4 10 30 14 64 36 80 55 12 65 84 15 160 136 126 133 140 126 220 184 96 175 182 135 56 58 90 186 192 330 238 245 72 259 38 273 400 164 84 172 352 315 138 141 192 490 100 306
54 72 56 18 35 32 30 6 1 0 4 8 9 8 25 54 7 8 54 50 44 12 65 42 45 32 51 180 133 100 63 44 92 72 250 182 108 196 261 240 93 320 66 272 140 144 74 114 156 160 410 420 129 396 225 92 470 288 98 300
90 45 24 70 48 35 36 30 18 4 0 9 20 6 28 35 36 28 64 81 70 66 120 39 14 15 96 170 144 57 160 210 132 138 72 200 104 243 224 261 150 310 128 99 340 140 180 74 76 156 280 369 168 215 352 45 322 188 48 245
55 100 36 56 7 48 30 28 12 4 3 0 1 14 9 4 45 48 56 48 81 70 11 120 91 98 60 144 17 162 19 80 126 22 69 192 75 208 81 84 145 270 217 64 297 68 70 252 296 228 156 40 369 294 172 352 180 138 188 192
108 66 50 72 80 70 54 20 16 15 4 10 0 1 20 18 8 45 18 56 72 18 70 33 108 13 42 90 96 136 72 133 160 42 154 138 24 125 104 270 168 174 30 62 256 231 170 105 180 148 228 234 160 41 42 43 132 450 368 282
13 60 110 90 45 16 28 6 15 28 18 10 8 0 7 4 15 28 20 24 63 80 63 100 55 12 13 42 120 48 102 36 190 80 189 198 69 72 175 78 270 168 116 90 93 320 66 102 35 360 185 190 234 40 123 42 86 352 315 322
70 39 84 77 60 72 48 35 48 15 20 3 10 4 0 8 2 3 8 50 48 7 32 27 70 110 84 52 140 150 80 51 72 57 40 126 132 46 48 225 104 108 168 261 270 248 64 231 340 210 108 111 380 78 240 123 336 430 88 360
105 56 26 24 55 60 63 48 70 36 35 36 30 20 2 0 7 12 27 32 30 12 56 48 9 40 55 84 39 56 75 144 170 18 57 200 105 22 46 120 250 52 81 252 232 300 124 256 231 34 105 288 222 342 195 280 82 420 301 132
144 60 98 104 24 110 60 81 72 21 6 20 16 3 12 4 0 9 18 21 36 35 18 28 8 36 90 99 12 39 126 30 16 51 162 95 80 126 132 69 48 125 182 162 280 29 270 31 256 33 204 175 180 259 190 273 320 205 84 430
17 32 105 28 52 24 11 40 72 16 28 36 20 20 15 16 8 0 10 18 12 32 35 12 7 16 45 100 88 48 65 98 45 160 119 126 152 80 84 176 23 120 125 208 216 168 58 300 62 128 264 238 140 252 37 114 273 280 246 378
54 34 144 45 14 130 48 99 90 72 40 35 48 15 4 24 14 10 0 7 12 12 20 20 48 70 64 45 100 77 60 65 112 30 32 102 144 95 180 84 198 138 96 75 78 135 112 203 30 217 224 132 102 70 72 111 304 390 280 164
95 180 119 80 15 70 39 24 77 50 45 56 63 6 15 8 9 18 8 0 2 2 18 24 25 6 35 64 9 60 55 108 52 70 75 48 85 162 114 180 42 22 69 72 175 156 162 224 87 150 31 160 33 306 350 360 37 266 351 320
20 190 162 119 32 30 140 130 12 77 20 72 32 42 60 5 28 24 18 6 0 1 6 24 32 25 42 63 16 63 80 99 108 65 28 15 112 51 108 76 40 168 132 46 240 250 156 54 112 290 180 93 96 198 68 140 180 333 380 78
168 200 152 162 136 112 90 126 117 96 33 30 9 24 35 18 15 16 9 8 8 0 2 16 27 36 35 42 70 56 81 90 77 96 65 112 45 64 119 18 95 200 63 176 92 72 175 208 27 168 116 90 155 320 330 272 210 108 370 76
220 147 40 38 18 17 32 30 42 117 60 11 40 63 48 35 36 20 12 21 4 6 0 7 16 18 36 10 6 7 24 63 100 44 48 26 42 120 144 17 108 190 100 105 66 184 24 25 130 81 28 290 180 31 96 165 68 140 180 370
184 176 84 40 57 90 17 64 45 42 52 120 110 80 18 8 28 60 30 12 15 4 2 0 4 14 15 36 15 30 21 40 81 20 55 108 26 56 120 112 34 18 133 160 21 110 184 192 150 78 108 224 261 120 279 288 132 102 245 144
144 184 88 21 80 38 108 34 16 60 98 78 84 88 80 72 80 70 48 30 4 12 10 3 0 2 14 12 24 10 6 28 32 63 40 55 60 78 56 15 64 170 90 95 60 42 22 138 72 250 182 216 224 58 120 310 192 33 68 140
75 96 161 66 147 140 190 108 34 16 135 112 130 72 55 60 54 48 7 12 35 20 15 2 9 0 5 2 24 24 35 48 70 72 81 40 33 108 13 98 75 64 102 72 38 200 63 154 161 240 125 260 81 56 145 120 155 320 99 272
182 25 72 115 198 63 60 133 18 136 144 120 126 13 84 22 50 63 64 14 54 35 28 3 10 10 0 5 10 18 36 5 18 63 8 36 60 22 36 65 98 135 48 34 162 152 180 42 154 138 72 200 182 270 168 145 240 279 64 297
81 26 50 96 230 220 126 160 171 54 51 48 105 14 26 72 55 50 54 48 35 42 35 32 24 12 6 0 7 6 9 32 25 30 49 80 72 100 11 60 117 112 90 128 51 144 57 160 63 88 138 48 225 260 270 168 87 210 217 160
140 108 260 25 192 138 44 105 160 133 144 17 112 75 112 117 36 66 30 36 56 14 12 30 12 24 18 8 0 3 16 9 4 20 42 42 40 72 50 11 84 26 56 15 160 102 126 95 80 105 154 138 192 150 130 54 168 29 150 124
290 56 270 130 25 120 138 44 147 160 95 162 85 96 45 112 13 24 77 80 54 8 56 24 15 24 9 8 8 0 5 12 12 16 50 6 70 64 45 80 88 96 78 98 105 32 68 108 19 120 42 154 207 192 150 78 108 56 145 240
240 232 168 216 234 50 192 230 110 189 40 190 54 119 32 45 98 26 84 99 40 27 8 63 60 10 8 6 12 2 0 9 12 21 28 10 42 56 40 63 80 77 120 117 140 45 128 170 144 133 40 126 110 69 120 25 52 81 28 29
186 180 29 84 189 208 250 24 161 198 210 140 38 126 17 16 45 56 117 96 77 60 27 40 70 18 50 40 9 18 3 0 10 8 12 4 20 48 63 64 54 80 77 108 13 98 60 112 85 180 19 180 126 44 207 96 175 130 81 252
256 310 270 174 140 54 52 150 168 184 132 147 180 152 144 119 144 15 14 104 72 44 20 9 48 14 18 40 8 12 6 8 0 3 10 24 24 15 24 7 40 72 90 99 96 130 70 60 16 85 144 57 80 84 66 115 48 125 78 189
330 160 93 240 203 56 162 260 150 96 23 198 210 60 152 180 51 80 105 42 78 72 55 10 27 32 35 24 5 4 3 16 5 0 9 4 6 40 15 24 21 8 63 30 33 96 78 14 120 160 153 108 95 200 63 198 230 216 25 104
68 264 256 124 270 174 56 135 78 125 168 115 44 21 20 114 162 51 16 90 42 13 12 11 50 36 8 35 48 50 32 18 20 2 0 3 12 6 24 15 36 28 64 63 80 66 120 130 28 60 64 34 72 38 100 189 132 46 48 250
350 204 132 288 155 150 58 84 189 104 200 72 92 44 147 40 133 54 170 64 75 70 130 108 110 80 63 16 14 36 40 32 21 8 10 0 3 10 18 16 50 6 49 40 54 20 33 48 78 112 90 160 17 18 152 60 168 176 207 96
180 175 340 99 160 62 180 116 168 162 104 50 168 92 154 63 180 171 36 119 16 105 42 91 72 110 90 63 80 21 12 45 16 12 16 8 0 6 10 27 4 45 54 35 8 63 90 77 36 39 140 75 32 119 36 152 140 21 176 46
370 72 140 204 231 320 186 180 145 112 189 78 100 168 230 22 84 80 190 54 170 96 45 28 52 84 11 90 54 72 42 36 35 16 18 14 2 0 8 6 18 24 10 48 63 56 63 50 22 96 104 42 75 16 153 108 133 80 126 176
228 296 324 35 102 132 64 124 150 174 112 270 78 200 144 138 22 63 140 171 108 102 144 150 98 65 108 55 80 18 8 14 54 25 20 12 14 9 0 4 8 15 8 35 42 63 40 45 100 88 24 91 56 60 128 34 162 114 200 189
78 38 74 216 140 272 66 128 31 240 87 56 216 52 25 72 184 66 168 140 152 90 17 160 75 126 26 120 22 90 81 80 42 6 20 36 27 6 1 0 1 6 18 28 45 12 70 64 45 60 44 84 104 28 105 80 17 36 95 80
400 390 266 37 252 70 340 66 128 62 210 261 224 243 130 225 24 69 176 168 200 114 54 153 32 60 70 117 12 88 100 72 24 21 36 35 32 15 20 8 0 6 14 30 40 10 6 28 72 36 40 110 72 91 126 30 32 17 72 114
164 160 351 114 333 72 315 102 33 160 155 300 174 168 189 156 100 24 230 220 168 60 57 126 17 48 15 70 78 48 77 40 36 56 70 24 35 40 21 2 3 0 1 8 6 4 25 18 63 56 90 60 33 120 39 42 135 48 136 36
336 123 200 195 228 296 144 350 34 132 128 155 120 203 140 108 156 200 168 92 176 189 180 114 18 68 64 135 42 91 24 99 20 63 56 63 42 50 32 6 8 1 0 4 18 12 28 45 54 70 72 90 80 66 24 91 70 135 96 102
129 294 369 160 156 76 148 72 175 238 132 256 155 30 203 168 189 208 175 96 23 110 84 60 57 108 153 80 150 140 104 84 55 60 54 40 28 48 35 24 3 20 4 0 3 8 18 12 45 48 49 40 9 70 66 36 78 28 60 112
176 301 420 369 360 78 304 148 72 105 238 66 224 279 300 116 224 216 234 50 72 23 132 21 200 152 54 136 112 60 56 130 12 66 40 72 40 21 54 40 36 27 14 1 0 4 2 15 28 10 18 7 56 45 90 33 60 39 42 75
405 176 215 336 410 160 351 152 37 144 350 238 198 192 217 30 203 56 81 208 75 144 115 66 21 160 152 108 102 96 150 126 117 48 99 30 36 56 14 24 25 20 27 16 6 0 1 16 24 12 5 42 49 24 45 90 77 48 130 98
46 180 352 258 252 328 200 78 38 333 216 105 102 33 192 248 120 290 28 27 26 200 192 184 154 84 140 57 36 68 80 75 56 13 24 44 70 45 64 35 30 10 32 9 10 6 0 10 18 18 4 25 24 35 64 81 90 44 12 78
376 92 90 308 258 210 41 120 351 190 222 216 245 102 33 256 186 90 290 112 216 78 250 168 207 154 42 100 38 180 136 48 150 98 104 36 22 10 81 72 56 60 50 36 9 8 1 0 5 14 30 32 25 60 42 72 54 90 66 120
48 141 322 180 352 258 210 164 80 390 190 185 324 35 170 264 256 93 60 290 252 243 104 25 240 230 198 126 100 38 162 170 64 150 42 39 84 110 60 36 80 56 18 5 16 3 2 2 0 6 14 12 12 5 42 7 32 9 70 22
294 288 423 460 135 308 387 84 246 320 39 304 148 252 315 68 231 320 310 210 29 168 243 130 100 168 184 154 126 20 19 126 170 112 150 42 39 72 44 30 72 56 42 6 30 24 18 4 7 0 1 6 3 20 25 36 7 16 27 30
200 294 192 141 368 180 308 258 126 205 400 117 304 37 360 105 68 33 96 217 150 261 112 27 52 250 216 207 198 147 100 152 162 136 128 150 140 26 120 66 20 45 32 7 24 10 16 9 14 7 0 10 8 27 16 40 60 21 16 63
408 300 49 480 376 368 45 176 430 210 123 360 390 304 74 216 70 170 297 160 93 270 29 168 54 78 225 72 69 22 210 180 19 18 34 144 90 112 13 108 99 20 72 64 70 6 25 24 24 4 6 0 3 6 30 4 50 42 28 80
208 153 400 98 288 423 368 450 88 430 378 123 360 195 76 185 72 350 68 330 192 279 240 290 280 135 208 125 216 184 198 168 200 57 90 170 80 30 70 13 120 77 30 72 80 42 30 10 40 15 14 4 0 7 18 30 8 35 18 35
53 260 204 300 98 240 329 92 135 176 344 252 328 280 78 342 370 288 35 238 132 224 310 300 145 280 270 78 75 168 23 22 21 160 19 108 153 128 90 42 52 96 110 40 36 56 42 48 25 20 9 10 2 0 10 18 6 36 50 48
540 530 468 204 100 392 96 376 414 405 132 86 252 369 280 390 152 333 72 280 136 66 64 248 150 290 252 135 26 150 240 161 88 147 60 171 180 136 32 120 70 91 108 110 90 18 16 49 12 25 28 3 4 9 0 2 14 24 32 15
385 54 265 364 357 350 392 48 188 414 135 88 344 294 164 80 312 152 259 252 245 34 165 32 31 240 203 84 270 78 100 216 161 110 42 180 19 126 51 128 45 70 13 60 110 50 9 80 63 36 25 4 24 4 3 0 7 16 15 32
56 385 54 265 52 306 200 294 144 188 138 90 44 86 126 205 240 312 380 370 360 280 34 231 320 279 210 116 252 81 234 50 168 207 154 84 180 19 180 170 144 90 98 91 108 44 30 63 24 14 60 10 20 9 12 8 0 9 6 30
285 224 275 108 477 312 204 500 441 192 235 138 135 44 344 252 123 400 156 190 37 252 280 272 33 96 279 210 232 168 135 130 75 144 207 132 42 140 76 108 34 96 60 28 78 108 55 10 90 48 63 6 35 8 3 2 10 0 8 4
232 342 112 495 162 371 156 408 500 98 432 235 368 135 264 129 84 123 80 273 114 111 144 175 68 33 320 124 30 290 112 27 208 100 240 161 110 63 120 114 180 119 32 150 140 52 72 11 70 72 32 21 6 45 20 24 8 2 0 4
590 174 228 224 495 324 477 468 51 500 441 192 376 46 90 132 301 126 328 360 156 152 37 216 105 306 99 224 279 120 145 168 270 234 100 120 230 88 42 180 19 108 85 144 45 42 91 72 99 50 90 8 63 24 5 24 24 2 4 0
