30 904
0 5 2 9 4 20 24 28 32 18 10 44 12 52 56 75 16 68 54 38 100 21 66 23 24 25 130 27 112 58
4 0 5 4 12 16 25 12 21 16 18 40 33 12 52 70 15 32 51 18 57 100 84 110 46 72 75 130 108 140
8 5 0 4 4 12 16 10 18 35 24 9 40 55 12 26 70 60 48 68 18 76 20 63 110 115 120 100 52 54
15 4 1 0 5 10 6 16 25 18 35 24 36 30 55 60 13 56 75 32 85 90 38 80 21 88 69 120 125 52
20 12 8 3 0 3 2 15 20 25 30 21 32 45 10 22 24 65 70 30 16 85 54 19 20 21 22 92 24 75
10 12 3 10 2 0 3 2 6 8 15 30 14 24 27 40 33 48 52 14 15 48 68 54 76 40 63 22 69 120
12 25 16 3 4 1 0 2 2 6 16 25 24 35 16 45 40 22 60 13 56 75 48 68 18 57 40 42 22 69
7 6 15 12 6 8 5 0 2 2 15 4 25 12 35 32 18 50 55 12 52 28 45 16 34 90 76 100 42 88
8 28 18 25 16 3 6 5 0 3 2 6 8 15 30 14 24 36 20 33 12 52 70 45 80 68 90 38 20 21
9 16 14 12 25 8 9 6 5 0 3 6 9 12 5 18 14 40 36 20 55 60 13 42 15 64 17 72 38 40
30 9 40 35 24 5 20 15 4 5 0 3 6 9 20 25 6 28 24 9 10 33 12 65 14 15 64 17 18 38
22 50 36 16 7 24 10 8 6 2 4 0 5 6 15 12 20 18 7 16 27 10 11 12 39 70 45 64 68 54
48 11 10 27 40 28 6 15 8 15 10 4 0 3 4 15 8 15 12 14 24 9 30 11 48 13 70 45 32 68
39 12 33 20 27 40 21 12 15 4 15 10 5 0 1 4 6 4 10 24 7 24 45 10 11 12 13 42 45 64
56 26 12 55 30 9 40 14 12 10 8 9 6 1 0 5 6 6 8 10 30 7 24 45 50 22 24 39 56 75
30 14 26 36 11 40 36 40 21 30 20 20 12 2 4 0 2 6 12 4 20 30 7 8 27 50 22 60 26 28
48 45 56 65 48 22 50 9 16 28 6 10 20 9 10 4 0 2 6 12 16 10 24 21 40 45 30 22 12 13
85 48 30 70 26 36 33 30 45 24 14 24 25 4 3 10 5 0 4 4 6 12 20 12 35 8 36 40 33 48
90 34 80 15 70 13 36 11 30 9 16 35 6 20 8 12 8 4 0 3 8 6 20 20 12 7 32 45 50 44
19 54 51 32 60 70 13 24 55 40 45 8 7 30 10 12 6 4 3 0 5 4 9 12 25 18 28 16 45 30
80 76 18 34 80 60 28 39 12 11 10 45 8 35 18 10 4 15 6 5 0 4 10 9 20 15 6 7 32 36
63 60 95 72 51 80 60 14 52 48 22 50 9 24 35 30 10 16 15 10 4 0 2 8 15 20 10 18 35 8
88 105 80 76 54 85 80 15 56 26 36 11 40 18 32 21 12 5 20 3 6 3 0 5 6 6 16 15 24 14
92 110 21 60 95 18 85 64 15 42 13 48 11 20 45 16 7 24 15 20 9 4 5 0 2 6 9 4 5 30
72 92 110 105 20 38 54 85 48 45 70 26 48 55 40 18 32 21 30 15 8 9 10 2 0 5 8 9 16 10
75 48 23 44 105 80 95 36 85 48 60 70 26 24 22 40 27 24 28 12 5 8 9 2 1 0 4 6 12 4
52 25 24 115 22 42 20 76 90 85 64 45 42 13 60 22 10 18 32 14 24 20 16 6 4 2 0 4 10 15
108 52 100 72 69 88 105 20 38 18 17 16 15 56 39 48 55 30 18 32 14 12 5 4 12 4 5 0 5 8
84 54 26 100 72 23 22 105 20 95 36 17 48 15 56 13 24 11 40 18 24 14 24 20 12 9 6 2 0 1
145 140 54 78 100 120 115 110 21 60 95 72 85 32 75 56 13 36 55 10 27 16 7 12 5 8 12 2 1 0
0 8 18 18 8 30 6 21 72 9 80 33 84 104 14 135 80 34 90 114 40 105 22 161 24 125 156 81 140 203
2 0 2 14 12 36 45 24 42 48 81 70 110 96 26 42 120 144 153 180 171 180 21 110 69 96 150 182 243 168
4 7 0 3 20 6 4 25 54 42 56 45 60 66 60 78 126 135 16 153 36 57 120 126 132 230 48 200 130 216
24 12 7 0 10 2 9 4 45 48 70 40 36 100 66 72 78 98 75 128 170 108 171 180 63 22 69 120 100 260
12 6 6 7 0 1 4 27 20 10 24 35 16 90 90 22 24 52 42 135 112 17 180 114 160 105 88 92 240 200
20 28 24 12 9 0 8 4 15 28 20 6 63 56 81 80 22 84 130 126 150 160 119 18 114 160 21 88 115 24
54 10 20 27 12 9 0 9 10 27 28 45 54 49 80 90 50 88 60 39 126 120 160 51 162 57 100 21 154 230
7 36 35 28 15 2 2 0 1 14 15 32 25 36 56 48 63 80 22 96 78 42 105 48 17 54 95 120 63 220
40 49 30 45 20 21 10 7 0 8 8 24 28 35 12 14 24 36 30 44 12 26 70 45 128 34 126 57 20 42
63 80 7 54 20 36 21 12 1 0 9 14 6 20 25 18 56 8 36 20 77 24 104 70 135 128 119 36 190 160
20 27 56 70 24 15 36 15 14 9 0 8 18 12 40 30 48 14 8 54 50 11 108 104 70 30 64 153 90 95
44 70 27 24 35 24 35 36 30 2 9 0 9 6 21 20 25 48 35 40 72 40 88 72 130 112 60 96 51 180
36 110 80 81 24 7 54 30 36 9 8 6 0 8 16 18 8 15 18 35 32 18 90 11 120 39 28 60 160 68
117 120 55 70 54 8 7 30 50 16 6 8 5 0 5 20 27 28 5 12 42 48 27 20 55 36 130 14 90 32
28 26 60 66 40 45 72 7 36 5 8 9 14 6 0 2 12 15 4 45 36 14 48 27 100 55 84 26 140 150
135 112 130 84 99 70 45 32 35 54 15 4 30 18 2 0 4 8 21 20 45 6 35 72 45 90 55 96 39 98
32 90 28 117 72 99 90 81 80 7 60 25 32 9 6 2 0 3 8 24 24 30 30 21 24 63 80 77 24 130
51 80 75 140 13 108 11 30 63 72 14 48 5 28 30 14 5 0 7 14 30 32 5 12 56 8 9 10 22 120
54 153 144 90 126 65 120 66 80 36 80 28 12 45 24 9 4 1 0 7 12 15 4 50 42 49 56 54 50 66
152 72 170 144 45 14 78 24 99 30 81 64 42 12 50 4 24 8 7 0 7 8 6 16 30 36 28 64 72 60
160 76 126 136 112 135 28 130 96 55 30 27 8 49 42 10 4 6 6 8 0 9 10 9 12 45 12 35 8 72
147 80 171 126 17 144 60 98 39 36 66 40 18 72 63 18 15 28 30 2 9 0 7 8 3 36 20 54 70 72
44 84 140 152 36 170 16 105 28 117 24 88 10 81 32 7 6 25 32 15 14 3 0 3 18 18 36 40 54 49
207 66 147 140 76 144 85 96 45 70 130 60 33 100 18 48 42 18 25 20 15 12 7 0 10 16 3 12 15 30
96 92 44 210 180 190 72 153 112 60 140 39 108 88 70 36 16 14 18 5 4 21 14 7 0 10 20 9 36 45
50 96 161 66 105 80 133 108 51 64 75 42 78 96 99 50 18 72 35 24 40 4 15 20 10 0 10 12 24 20
260 25 24 138 66 63 40 38 126 170 64 60 126 117 84 22 40 63 72 21 60 25 4 6 8 10 0 8 18 30
108 130 25 72 207 198 84 140 95 126 119 80 120 28 39 36 99 10 72 8 56 24 35 36 18 8 2 0 1 14
224 108 78 250 216 92 198 147 180 114 72 68 96 150 28 78 12 88 10 90 24 21 30 40 4 30 18 2 0 7
58 196 243 260 125 168 115 132 168 20 171 144 17 112 75 140 78 36 110 100 81 40 14 60 30 28 21 18 1 0
